CPU Frequency: 1000mhz
starting lcm thread... 
starting setpoint thread... 
starting print thread... 
initializing imu... 
initializing controller...
initializing motors...
initializing odometry...
attaching imu interupt...
we are running!!!

RUNNING...
SENSORS | ODOMETRY |
  X_DOT  |    X    |
  0.000  |  0.000  |  0.000  |  0.000  
  0.000  |  0.000  |  0.000  |  0.000  
  0.046  |  0.000  |  0.046  |  0.046  
  0.185  |  0.002  |  0.185  |  0.185  
  0.277  |  0.005  |  0.269  |  0.285  
  0.308  |  0.008  |  0.316  |  0.300  
  0.354  |  0.012  |  0.362  |  0.346  
  0.354  |  0.015  |  0.354  |  0.354  
  0.354  |  0.019  |  0.362  |  0.346  
  0.369  |  0.022  |  0.369  |  0.369  
  0.354  |  0.026  |  0.346  |  0.362  
  0.339  |  0.029  |  0.346  |  0.331  
  0.385  |  0.033  |  0.393  |  0.377  
  0.400  |  0.037  |  0.400  |  0.400  
  0.385  |  0.041  |  0.385  |  0.385  
  0.369  |  0.045  |  0.369  |  0.369  
  0.354  |  0.048  |  0.362  |  0.346  
  0.416  |  0.052  |  0.423  |  0.408  
  0.385  |  0.056  |  0.385  |  0.385  
  0.416  |  0.060  |  0.416  |  0.416  
  0.385  |  0.064  |  0.393  |  0.377  
  0.400  |  0.068  |  0.393  |  0.408  
  0.400  |  0.072  |  0.400  |  0.400  
  0.416  |  0.077  |  0.416  |  0.416  
  0.400  |  0.081  |  0.400  |  0.400  
  0.400  |  0.085  |  0.408  |  0.393  
  0.416  |  0.089  |  0.423  |  0.408  
  0.416  |  0.093  |  0.416  |  0.416  
  0.446  |  0.097  |  0.446  |  0.446  
  0.400  |  0.101  |  0.408  |  0.393  
  0.431  |  0.106  |  0.431  |  0.431  
  0.416  |  0.110  |  0.416  |  0.416  
  0.431  |  0.114  |  0.439  |  0.423  
  0.446  |  0.119  |  0.446  |  0.446  
  0.431  |  0.123  |  0.431  |  0.431  
  0.462  |  0.127  |  0.470  |  0.454  
  0.431  |  0.132  |  0.439  |  0.423  
  0.446  |  0.136  |  0.439  |  0.454  
  0.446  |  0.141  |  0.446  |  0.446  
  0.446  |  0.149  |  0.446  |  0.446  
  0.446  |  0.149  |  0.446  |  0.446  
  0.493  |  0.159  |  0.493  |  0.493  
  0.462  |  0.163  |  0.470  |  0.454  
  0.477  |  0.168  |  0.485  |  0.470  
  0.462  |  0.173  |  0.462  |  0.462  
  0.462  |  0.177  |  0.462  |  0.462  
  0.462  |  0.182  |  0.470  |  0.454  
  0.477  |  0.187  |  0.477  |  0.477  
  0.477  |  0.192  |  0.485  |  0.470  
  0.477  |  0.196  |  0.477  |  0.477  
  0.493  |  0.201  |  0.493  |  0.493  
  0.493  |  0.206  |  0.485  |  0.500  
  0.462  |  0.211  |  0.470  |  0.454  
  0.508  |  0.216  |  0.508  |  0.508  
  0.477  |  0.221  |  0.477  |  0.477  
  0.508  |  0.226  |  0.508  |  0.508  
  0.477  |  0.231  |  0.477  |  0.477  
  0.508  |  0.236  |  0.508  |  0.508  
  0.477  |  0.240  |  0.485  |  0.470  
  0.508  |  0.246  |  0.500  |  0.516  
  0.477  |  0.250  |  0.470  |  0.485  
  0.523  |  0.256  |  0.523  |  0.523  
  0.493  |  0.260  |  0.493  |  0.493  
  0.539  |  0.266  |  0.539  |  0.539  
  0.477  |  0.271  |  0.485  |  0.470  
  0.539  |  0.276  |  0.546  |  0.531  
  0.493  |  0.281  |  0.493  |  0.493  
  0.523  |  0.286  |  0.531  |  0.516  
  0.493  |  0.291  |  0.493  |  0.493  
  0.523  |  0.296  |  0.531  |  0.516  
  0.539  |  0.302  |  0.546  |  0.531  
  0.523  |  0.307  |  0.531  |  0.516  
  0.523  |  0.312  |  0.523  |  0.523  
  0.539  |  0.318  |  0.539  |  0.539  
  0.508  |  0.323  |  0.500  |  0.516  
  0.539  |  0.328  |  0.539  |  0.539  
  0.539  |  0.339  |  0.539  |  0.539  
  0.493  |  0.344  |  0.500  |  0.485  
  0.570  |  0.349  |  0.570  |  0.570  
  0.493  |  0.354  |  0.500  |  0.485  
  0.554  |  0.360  |  0.562  |  0.546  
  0.600  |  0.366  |  0.608  |  0.593  
  0.508  |  0.371  |  0.508  |  0.508  
  0.570  |  0.377  |  0.570  |  0.570  
  0.493  |  0.382  |  0.500  |  0.485  
  0.585  |  0.387  |  0.577  |  0.593  
  0.523  |  0.393  |  0.516  |  0.531  
  0.570  |  0.398  |  0.577  |  0.562  
  0.523  |  0.404  |  0.531  |  0.516  
  0.585  |  0.409  |  0.585  |  0.585  
  0.554  |  0.415  |  0.554  |  0.554  
  0.585  |  0.421  |  0.593  |  0.577  
  0.539  |  0.426  |  0.539  |  0.539  
  0.585  |  0.432  |  0.585  |  0.585  
  0.539  |  0.437  |  0.531  |  0.546  
  0.570  |  0.443  |  0.562  |  0.577  
  0.554  |  0.449  |  0.554  |  0.554  
  0.585  |  0.455  |  0.593  |  0.577  
  0.539  |  0.460  |  0.546  |  0.531  
  0.585  |  0.466  |  0.593  |  0.577  
  0.539  |  0.471  |  0.539  |  0.539  
  0.616  |  0.477  |  0.616  |  0.616  
  0.570  |  0.483  |  0.570  |  0.570  
  0.570  |  0.489  |  0.577  |  0.562  
  0.570  |  0.494  |  0.570  |  0.570  
  0.616  |  0.501  |  0.616  |  0.616  
  0.539  |  0.506  |  0.539  |  0.539  
  0.616  |  0.512  |  0.616  |  0.616  
  0.600  |  0.518  |  0.600  |  0.600  
  0.554  |  0.529  |  0.554  |  0.554  
  0.554  |  0.529  |  0.554  |  0.554  
  0.539  |  0.541  |  0.546  |  0.531  
  0.631  |  0.547  |  0.631  |  0.631  
  0.554  |  0.553  |  0.562  |  0.546  
  0.631  |  0.559  |  0.631  |  0.631  
  0.554  |  0.565  |  0.554  |  0.554  
  0.631  |  0.571  |  0.631  |  0.631  
  0.600  |  0.577  |  0.593  |  0.608  
  0.554  |  0.582  |  0.554  |  0.554  
  0.647  |  0.589  |  0.647  |  0.647  
  0.554  |  0.594  |  0.562  |  0.546  
  0.616  |  0.601  |  0.616  |  0.616  
  0.600  |  0.607  |  0.600  |  0.600  
  0.585  |  0.612  |  0.585  |  0.585  
  0.600  |  0.618  |  0.600  |  0.600  
  0.631  |  0.625  |  0.623  |  0.639  
  0.570  |  0.630  |  0.570  |  0.570  
  0.616  |  0.637  |  0.616  |  0.616  
  0.600  |  0.643  |  0.600  |  0.600  
  0.616  |  0.649  |  0.616  |  0.616  
  0.600  |  0.655  |  0.600  |  0.600  
  0.600  |  0.661  |  0.600  |  0.600  
  0.616  |  0.667  |  0.616  |  0.616  
  0.616  |  0.673  |  0.616  |  0.616  
  0.631  |  0.679  |  0.631  |  0.631  
  0.600  |  0.685  |  0.600  |  0.600  
  0.631  |  0.692  |  0.639  |  0.623  
  0.585  |  0.698  |  0.585  |  0.585  
  0.600  |  0.704  |  0.600  |  0.600  
  0.616  |  0.710  |  0.623  |  0.608  
  0.616  |  0.716  |  0.616  |  0.616  
  0.631  |  0.722  |  0.623  |  0.639  
  0.647  |  0.729  |  0.647  |  0.647  
  0.600  |  0.735  |  0.600  |  0.600  
  0.585  |  0.747  |  0.585  |  0.585  
  0.647  |  0.753  |  0.647  |  0.647  
  0.616  |  0.759  |  0.616  |  0.616  
  0.662  |  0.766  |  0.662  |  0.662  
  0.616  |  0.772  |  0.608  |  0.623  
  0.616  |  0.778  |  0.616  |  0.616  
  0.600  |  0.784  |  0.600  |  0.600  
  0.600  |  0.790  |  0.608  |  0.593  
  0.662  |  0.797  |  0.670  |  0.654  
  0.631  |  0.803  |  0.631  |  0.631  
  0.647  |  0.810  |  0.647  |  0.647  
  0.600  |  0.816  |  0.593  |  0.608  
  0.647  |  0.822  |  0.647  |  0.647  
  0.647  |  0.829  |  0.647  |  0.647  
  0.600  |  0.835  |  0.600  |  0.600  
  0.631  |  0.841  |  0.639  |  0.623  
  0.616  |  0.847  |  0.623  |  0.608  
  0.647  |  0.853  |  0.647  |  0.647  
  0.631  |  0.860  |  0.639  |  0.623  
  0.647  |  0.866  |  0.647  |  0.647  
  0.616  |  0.872  |  0.608  |  0.623  
  0.616  |  0.879  |  0.608  |  0.623  
  0.647  |  0.885  |  0.654  |  0.639  
  0.631  |  0.891  |  0.639  |  0.623  
  0.647  |  0.898  |  0.647  |  0.647  
  0.616  |  0.904  |  0.616  |  0.616  
  0.647  |  0.910  |  0.647  |  0.647  
  0.662  |  0.917  |  0.670  |  0.654  
  0.647  |  0.923  |  0.639  |  0.654  
  0.631  |  0.930  |  0.631  |  0.631  
  0.616  |  0.936  |  0.623  |  0.608  
  0.708  |  0.943  |  0.716  |  0.700  
  0.616  |  0.949  |  0.616  |  0.616  
  0.631  |  0.955  |  0.639  |  0.623  
  0.662  |  0.962  |  0.670  |  0.654  
  0.600  |  0.975  |  0.600  |  0.600  
  0.647  |  0.981  |  0.647  |  0.647  
  0.677  |  0.988  |  0.677  |  0.677  
  0.662  |  0.994  |  0.654  |  0.670  
  0.647  |  1.001  |  0.647  |  0.647  
  0.647  |  1.007  |  0.654  |  0.639  
  0.616  |  1.014  |  0.623  |  0.608  
  0.693  |  1.020  |  0.693  |  0.693  
  0.600  |  1.026  |  0.600  |  0.600  
  0.677  |  1.033  |  0.670  |  0.685  
  0.585  |  1.039  |  0.577  |  0.593  
  0.724  |  1.046  |  0.724  |  0.724  
  0.616  |  1.052  |  0.623  |  0.608  
  0.708  |  1.060  |  0.708  |  0.708  
  0.662  |  1.066  |  0.662  |  0.662  
  0.600  |  1.072  |  0.600  |  0.600  
  0.677  |  1.079  |  0.677  |  0.677  
  0.616  |  1.085  |  0.608  |  0.623  
  0.693  |  1.092  |  0.693  |  0.693  
  0.662  |  1.099  |  0.662  |  0.662  
  0.662  |  1.105  |  0.662  |  0.662  
  0.647  |  1.112  |  0.654  |  0.639  
  0.647  |  1.118  |  0.654  |  0.639  
  0.647  |  1.125  |  0.639  |  0.654  
  0.647  |  1.131  |  0.639  |  0.654  
  0.631  |  1.137  |  0.639  |  0.623  
  0.677  |  1.144  |  0.685  |  0.670  
  0.600  |  1.150  |  0.608  |  0.593  
  0.724  |  1.157  |  0.724  |  0.724  
  0.662  |  1.164  |  0.662  |  0.662  
  0.647  |  1.170  |  0.639  |  0.654  
  0.677  |  1.177  |  0.685  |  0.670  
  0.631  |  1.184  |  0.631  |  0.631  
  0.677  |  1.190  |  0.670  |  0.685  
  0.647  |  1.197  |  0.647  |  0.647  
  0.677  |  1.204  |  0.677  |  0.677  
  0.662  |  1.217  |  0.662  |  0.662  
  0.677  |  1.224  |  0.677  |  0.677  
  0.647  |  1.230  |  0.647  |  0.647  
  0.708  |  1.237  |  0.708  |  0.708  
  0.616  |  1.243  |  0.616  |  0.616  
  0.708  |  1.250  |  0.708  |  0.708  
  0.631  |  1.257  |  0.631  |  0.631  
  0.693  |  1.264  |  0.685  |  0.700  
  0.631  |  1.270  |  0.631  |  0.631  
  0.724  |  1.277  |  0.731  |  0.716  
  0.600  |  1.283  |  0.600  |  0.600  
  0.724  |  1.290  |  0.731  |  0.716  
  0.616  |  1.296  |  0.623  |  0.608  
  0.724  |  1.304  |  0.724  |  0.724  
  0.616  |  1.310  |  0.608  |  0.623  
  0.724  |  1.317  |  0.724  |  0.724  
  0.631  |  1.323  |  0.631  |  0.631  
  0.693  |  1.330  |  0.693  |  0.693  
  0.662  |  1.337  |  0.662  |  0.662  
  0.677  |  1.344  |  0.677  |  0.677  
  0.662  |  1.350  |  0.662  |  0.662  
  0.677  |  1.357  |  0.685  |  0.670  
  0.708  |  1.364  |  0.708  |  0.708  
  0.693  |  1.371  |  0.693  |  0.693  
  0.616  |  1.377  |  0.616  |  0.616  
  0.677  |  1.384  |  0.677  |  0.677  
  0.677  |  1.391  |  0.677  |  0.677  
  0.693  |  1.398  |  0.693  |  0.693  
  0.631  |  1.404  |  0.631  |  0.631  
  0.662  |  1.411  |  0.670  |  0.654  
  0.693  |  1.418  |  0.685  |  0.700  
  0.677  |  1.424  |  0.677  |  0.677  
  0.647  |  1.431  |  0.647  |  0.647  
  0.693  |  1.438  |  0.700  |  0.685  
  0.647  |  1.444  |  0.654  |  0.639  
  0.724  |  1.451  |  0.724  |  0.724  
  0.631  |  1.458  |  0.623  |  0.639  
  0.677  |  1.465  |  0.677  |  0.677  
  0.677  |  1.471  |  0.677  |  0.677  
  0.677  |  1.478  |  0.677  |  0.677  
  0.662  |  1.485  |  0.670  |  0.654  
  0.677  |  1.498  |  0.670  |  0.685  
  0.677  |  1.498  |  0.670  |  0.685  
  0.647  |  1.512  |  0.647  |  0.647  
  0.647  |  1.512  |  0.647  |  0.647  
  0.662  |  1.526  |  0.662  |  0.662  
  0.662  |  1.532  |  0.662  |  0.662  
  0.647  |  1.539  |  0.647  |  0.647  
  0.693  |  1.546  |  0.685  |  0.700  
  0.708  |  1.553  |  0.708  |  0.708  
  0.616  |  1.559  |  0.616  |  0.616  
  0.693  |  1.566  |  0.700  |  0.685  
  0.708  |  1.573  |  0.708  |  0.708  
  0.708  |  1.580  |  0.708  |  0.708  
  0.647  |  1.587  |  0.647  |  0.647  
  0.693  |  1.593  |  0.700  |  0.685  
  0.708  |  1.601  |  0.708  |  0.708  
  0.677  |  1.607  |  0.677  |  0.677  
  0.662  |  1.614  |  0.654  |  0.670  
  0.693  |  1.621  |  0.693  |  0.693  
  0.662  |  1.627  |  0.670  |  0.654  
  0.647  |  1.634  |  0.654  |  0.639  
  0.724  |  1.641  |  0.724  |  0.724  
  0.693  |  1.648  |  0.685  |  0.700  
  0.677  |  1.655  |  0.677  |  0.677  
  0.662  |  1.661  |  0.670  |  0.654  
  0.693  |  1.668  |  0.700  |  0.685  
  0.662  |  1.675  |  0.670  |  0.654  
  0.708  |  1.682  |  0.708  |  0.708  
  0.693  |  1.689  |  0.693  |  0.693  
  0.693  |  1.696  |  0.693  |  0.693  
  0.647  |  1.702  |  0.639  |  0.654  
  0.677  |  1.709  |  0.677  |  0.677  
  0.693  |  1.716  |  0.700  |  0.685  
  0.677  |  1.723  |  0.677  |  0.677  
  0.708  |  1.730  |  0.716  |  0.700  
  0.693  |  1.737  |  0.700  |  0.685  
  0.677  |  1.744  |  0.677  |  0.677  
  0.677  |  1.757  |  0.677  |  0.677  
  0.677  |  1.757  |  0.677  |  0.677  
  0.662  |  1.771  |  0.662  |  0.662  
  0.677  |  1.778  |  0.677  |  0.677  
  0.677  |  1.785  |  0.677  |  0.677  
  0.724  |  1.792  |  0.716  |  0.731  
  0.616  |  1.798  |  0.616  |  0.616  
  0.708  |  1.805  |  0.716  |  0.700  
  0.662  |  1.812  |  0.662  |  0.662  
  0.677  |  1.819  |  0.685  |  0.670  
  0.662  |  1.825  |  0.670  |  0.654  
  0.693  |  1.832  |  0.693  |  0.693  
  0.739  |  1.839  |  0.739  |  0.739  
  0.693  |  1.846  |  0.693  |  0.693  
  0.662  |  1.853  |  0.662  |  0.662  
  0.693  |  1.860  |  0.700  |  0.685  
  0.693  |  1.867  |  0.693  |  0.693  
  0.693  |  1.874  |  0.700  |  0.685  
  0.662  |  1.880  |  0.670  |  0.654  
  0.677  |  1.887  |  0.685  |  0.670  
  0.677  |  1.894  |  0.670  |  0.685  
  0.677  |  1.901  |  0.670  |  0.685  
  0.693  |  1.908  |  0.693  |  0.693  
  0.693  |  1.915  |  0.700  |  0.685  
  0.693  |  1.921  |  0.693  |  0.693  
  0.693  |  1.928  |  0.693  |  0.693  
  0.693  |  1.935  |  0.693  |  0.693  
  0.708  |  1.942  |  0.700  |  0.716  
  0.662  |  1.949  |  0.670  |  0.654  
  0.708  |  1.956  |  0.708  |  0.708  
  0.677  |  1.963  |  0.677  |  0.677  
  0.677  |  1.970  |  0.685  |  0.670  
  0.677  |  1.976  |  0.685  |  0.670  
  0.708  |  1.983  |  0.708  |  0.708  
  0.708  |  1.990  |  0.708  |  0.708  
  0.647  |  1.997  |  0.639  |  0.654  
  0.724  |  2.004  |  0.724  |  0.724  
  0.616  |  2.018  |  0.623  |  0.608  
  0.708  |  2.025  |  0.708  |  0.708  
  0.708  |  2.032  |  0.708  |  0.708  
  0.708  |  2.039  |  0.708  |  0.708  
  0.677  |  2.046  |  0.677  |  0.677  
  0.677  |  2.052  |  0.677  |  0.677  
  0.724  |  2.060  |  0.724  |  0.724  
  0.631  |  2.066  |  0.639  |  0.623  
  0.708  |  2.073  |  0.708  |  0.708  
  0.677  |  2.080  |  0.670  |  0.685  
  0.708  |  2.087  |  0.716  |  0.700  
  0.662  |  2.094  |  0.662  |  0.662  
  0.693  |  2.100  |  0.693  |  0.693  
  0.724  |  2.108  |  0.724  |  0.724  
  0.693  |  2.115  |  0.700  |  0.685  
  0.677  |  2.121  |  0.685  |  0.670  
  0.677  |  2.128  |  0.677  |  0.677  
  0.708  |  2.135  |  0.700  |  0.716  
  0.693  |  2.142  |  0.693  |  0.693  
  0.677  |  2.149  |  0.677  |  0.677  
  0.708  |  2.156  |  0.708  |  0.708  
  0.693  |  2.163  |  0.685  |  0.700  
  0.739  |  2.170  |  0.739  |  0.739  
  0.631  |  2.177  |  0.639  |  0.623  
  0.739  |  2.184  |  0.739  |  0.739  
  0.631  |  2.190  |  0.639  |  0.623  
  0.770  |  2.198  |  0.770  |  0.770  
  0.662  |  2.205  |  0.654  |  0.670  
  0.677  |  2.211  |  0.677  |  0.677  
  0.677  |  2.218  |  0.685  |  0.670  
  0.724  |  2.225  |  0.724  |  0.724  
  0.677  |  2.232  |  0.685  |  0.670  
  0.662  |  2.246  |  0.654  |  0.670  
  0.662  |  2.246  |  0.654  |  0.670  
  0.677  |  2.260  |  0.677  |  0.677  
  0.739  |  2.267  |  0.739  |  0.739  
  0.662  |  2.274  |  0.662  |  0.662  
  0.739  |  2.281  |  0.739  |  0.739  
  0.647  |  2.288  |  0.654  |  0.639  
  0.739  |  2.295  |  0.739  |  0.739  
  0.708  |  2.302  |  0.708  |  0.708  
  0.677  |  2.309  |  0.677  |  0.677  
  0.693  |  2.316  |  0.700  |  0.685  
  0.693  |  2.323  |  0.693  |  0.693  
  0.693  |  2.330  |  0.700  |  0.685  
  0.693  |  2.337  |  0.693  |  0.693  
  0.693  |  2.343  |  0.685  |  0.700  
  0.693  |  2.350  |  0.700  |  0.685  
  0.724  |  2.358  |  0.724  |  0.724  
  0.677  |  2.364  |  0.677  |  0.677  
  0.677  |  2.371  |  0.677  |  0.677  
  0.708  |  2.378  |  0.716  |  0.700  
  0.677  |  2.385  |  0.677  |  0.677  
  0.662  |  2.392  |  0.662  |  0.662  
  0.739  |  2.399  |  0.739  |  0.739  
  0.708  |  2.406  |  0.708  |  0.708  
  0.724  |  2.413  |  0.724  |  0.724  
  0.662  |  2.420  |  0.654  |  0.670  
  0.647  |  2.426  |  0.639  |  0.654  
  0.708  |  2.433  |  0.716  |  0.700  
  0.724  |  2.441  |  0.731  |  0.716  
  0.677  |  2.447  |  0.677  |  0.677  
  0.677  |  2.454  |  0.708  |  0.708  
  0.739  |  2.489  |  0.747  |  0.731  
  0.739  |  2.497  |  0.747  |  0.731  
  0.662  |  2.503  |  0.662  |  0.662  
  0.693  |  2.510  |  0.685  |  0.700  
  0.662  |  2.517  |  0.654  |  0.670  
  0.739  |  2.524  |  0.747  |  0.731  
  0.662  |  2.531  |  0.662  |  0.662  
  0.693  |  2.538  |  0.700  |  0.685  
  0.693  |  2.545  |  0.693  |  0.693  
  0.724  |  2.552  |  0.724  |  0.724  
  0.708  |  2.559  |  0.716  |  0.700  
  0.647  |  2.565  |  0.639  |  0.654  
  0.724  |  2.573  |  0.724  |  0.724  
  0.708  |  2.580  |  0.708  |  0.708  
  0.662  |  2.586  |  0.662  |  0.662  
  0.693  |  2.593  |  0.700  |  0.685  
  0.708  |  2.600  |  0.708  |  0.708  
  0.662  |  2.607  |  0.654  |  0.670  
  0.770  |  2.615  |  0.770  |  0.770  
  0.708  |  2.622  |  0.708  |  0.708  
  0.677  |  2.635  |  0.677  |  0.677  
  0.677  |  2.635  |  0.677  |  0.677  
  0.677  |  2.649  |  0.677  |  0.677  
  0.708  |  2.656  |  0.708  |  0.708  
  0.708  |  2.663  |  0.708  |  0.708  
  0.708  |  2.671  |  0.716  |  0.700  
  0.662  |  2.677  |  0.662  |  0.662  
  0.693  |  2.684  |  0.693  |  0.693  
  0.693  |  2.691  |  0.693  |  0.693  
  0.708  |  2.698  |  0.708  |  0.708  
  0.708  |  2.705  |  0.716  |  0.700  
  0.677  |  2.712  |  0.685  |  0.670  
  0.708  |  2.719  |  0.700  |  0.716  
  0.708  |  2.726  |  0.700  |  0.716  
  0.677  |  2.733  |  0.677  |  0.677  
  0.724  |  2.740  |  0.724  |  0.724  
  0.677  |  2.747  |  0.677  |  0.677  
  0.708  |  2.754  |  0.716  |  0.700  
  0.677  |  2.761  |  0.677  |  0.677  
  0.708  |  2.768  |  0.700  |  0.716  
  0.677  |  2.774  |  0.677  |  0.677  
  0.693  |  2.781  |  0.693  |  0.693  
  0.677  |  2.788  |  0.670  |  0.685  
  0.724  |  2.795  |  0.724  |  0.724  
  0.693  |  2.802  |  0.700  |  0.685  
  0.724  |  2.810  |  0.724  |  0.724  
  0.662  |  2.816  |  0.662  |  0.662  
  0.724  |  2.823  |  0.724  |  0.724  
  0.662  |  2.830  |  0.670  |  0.654  
  0.708  |  2.837  |  0.716  |  0.700  
  0.677  |  2.844  |  0.685  |  0.670  
  0.770  |  2.851  |  0.770  |  0.770  
  0.677  |  2.858  |  0.677  |  0.677  
  0.708  |  2.865  |  0.716  |  0.700  
  0.677  |  2.872  |  0.670  |  0.685  
  0.662  |  2.886  |  0.662  |  0.662  
  0.739  |  2.893  |  0.739  |  0.739  
  0.662  |  2.900  |  0.662  |  0.662  
  0.754  |  2.907  |  0.754  |  0.754  
  0.631  |  2.913  |  0.639  |  0.623  
  0.770  |  2.921  |  0.770  |  0.770  
  0.693  |  2.928  |  0.700  |  0.685  
  0.693  |  2.935  |  0.685  |  0.700  
  0.693  |  2.942  |  0.685  |  0.700  
  0.662  |  2.949  |  0.670  |  0.654  
  0.724  |  2.956  |  0.724  |  0.724  
  0.693  |  2.963  |  0.693  |  0.693  
  0.708  |  2.970  |  0.700  |  0.716  
  0.677  |  2.976  |  0.685  |  0.670  
  0.724  |  2.984  |  0.724  |  0.724  
  0.693  |  2.991  |  0.693  |  0.693  
  0.724  |  2.998  |  0.724  |  0.724  
  0.677  |  3.005  |  0.677  |  0.677  
  0.724  |  3.012  |  0.724  |  0.724  
  0.677  |  3.019  |  0.677  |  0.677  
  0.724  |  3.026  |  0.724  |  0.724  
  0.739  |  3.033  |  0.739  |  0.739  
  0.647  |  3.040  |  0.654  |  0.639  
  0.662  |  3.046  |  0.670  |  0.654  
  0.754  |  3.054  |  0.747  |  0.762  
  0.631  |  3.060  |  0.623  |  0.639  
  0.754  |  3.068  |  0.754  |  0.754  
  0.647  |  3.074  |  0.646  |  0.647  
  0.739  |  3.081  |  0.747  |  0.731  
  0.677  |  3.088  |  0.677  |  0.678  
  0.724  |  3.095  |  0.724  |  0.724  
  0.677  |  3.102  |  0.677  |  0.677  
  0.754  |  3.110  |  0.747  |  0.762  
  0.631  |  3.116  |  0.639  |  0.623  
  0.647  |  3.130  |  0.639  |  0.654  
  0.647  |  3.130  |  0.639  |  0.654  
  0.677  |  3.144  |  0.677  |  0.677  
  0.724  |  3.151  |  0.731  |  0.716  
  0.677  |  3.158  |  0.677  |  0.677  
  0.724  |  3.165  |  0.724  |  0.724  
  0.677  |  3.172  |  0.677  |  0.677  
  0.739  |  3.180  |  0.739  |  0.739  
  0.647  |  3.186  |  0.647  |  0.647  
  0.739  |  3.193  |  0.731  |  0.747  
  0.708  |  3.200  |  0.708  |  0.708  
  0.647  |  3.207  |  0.647  |  0.647  
  0.724  |  3.214  |  0.724  |  0.724  
  0.677  |  3.221  |  0.685  |  0.670  
  0.724  |  3.228  |  0.731  |  0.716  
  0.693  |  3.235  |  0.693  |  0.693  
  0.693  |  3.242  |  0.693  |  0.693  
  0.677  |  3.249  |  0.670  |  0.685  
  0.739  |  3.256  |  0.731  |  0.747  
  0.708  |  3.263  |  0.708  |  0.708  
  0.677  |  3.270  |  0.677  |  0.677  
  0.693  |  3.277  |  0.693  |  0.693  
  0.677  |  3.284  |  0.685  |  0.670  
  0.724  |  3.291  |  0.724  |  0.724  
  0.693  |  3.298  |  0.685  |  0.700  
  0.693  |  3.305  |  0.685  |  0.700  
  0.677  |  3.312  |  0.677  |  0.677  
  0.739  |  3.319  |  0.739  |  0.739  
  0.677  |  3.326  |  0.685  |  0.670  
  0.739  |  3.333  |  0.739  |  0.739  
  0.677  |  3.340  |  0.685  |  0.670  
  0.693  |  3.347  |  0.700  |  0.685  
  0.662  |  3.353  |  0.654  |  0.670  
  0.770  |  3.361  |  0.770  |  0.770  
  0.647  |  3.367  |  0.647  |  0.647  
  0.739  |  3.375  |  0.739  |  0.739  
  0.662  |  3.381  |  0.670  |  0.654  
  0.724  |  3.389  |  0.724  |  0.724  
  0.693  |  3.396  |  0.693  |  0.693  
  0.739  |  3.403  |  0.739  |  0.739  
  0.677  |  3.417  |  0.670  |  0.685  
  0.677  |  3.417  |  0.670  |  0.685  
  0.631  |  3.430  |  0.631  |  0.631  
  0.708  |  3.437  |  0.700  |  0.716  
  0.724  |  3.444  |  0.724  |  0.724  
  0.739  |  3.452  |  0.739  |  0.739  
  0.677  |  3.458  |  0.677  |  0.677  
  0.724  |  3.466  |  0.724  |  0.724  
  0.677  |  3.472  |  0.685  |  0.670  
  0.739  |  3.480  |  0.731  |  0.747  
  0.677  |  3.487  |  0.677  |  0.677  
  0.708  |  3.494  |  0.708  |  0.708  
  0.677  |  3.500  |  0.685  |  0.670  
  0.677  |  3.507  |  0.677  |  0.677  
  0.724  |  3.514  |  0.724  |  0.724  
  0.693  |  3.521  |  0.693  |  0.693  
  0.677  |  3.528  |  0.685  |  0.670  
  0.724  |  3.535  |  0.724  |  0.724  
  0.693  |  3.542  |  0.693  |  0.693  
  0.708  |  3.549  |  0.716  |  0.700  
  0.724  |  3.557  |  0.724  |  0.724  
  0.677  |  3.563  |  0.677  |  0.677  
  0.724  |  3.571  |  0.724  |  0.724  
  0.677  |  3.577  |  0.677  |  0.677  
  0.708  |  3.584  |  0.708  |  0.708  
  0.677  |  3.591  |  0.677  |  0.677  
  0.724  |  3.598  |  0.724  |  0.724  
  0.677  |  3.605  |  0.677  |  0.677  
  0.708  |  3.612  |  0.700  |  0.716  
  0.662  |  3.619  |  0.670  |  0.654  
  0.724  |  3.626  |  0.724  |  0.724  
  0.677  |  3.633  |  0.677  |  0.677  
  0.724  |  3.640  |  0.724  |  0.724  
  0.708  |  3.647  |  0.700  |  0.716  
  0.708  |  3.654  |  0.708  |  0.708  
  0.677  |  3.668  |  0.670  |  0.685  
  0.662  |  3.675  |  0.654  |  0.670  
  0.724  |  3.682  |  0.724  |  0.724  
  0.662  |  3.689  |  0.662  |  0.662  
  0.770  |  3.696  |  0.770  |  0.770  
  0.662  |  3.703  |  0.662  |  0.662  
  0.739  |  3.710  |  0.739  |  0.739  
  0.662  |  3.717  |  0.670  |  0.654  
  0.724  |  3.724  |  0.724  |  0.724  
  0.662  |  3.731  |  0.654  |  0.670  
  0.739  |  3.738  |  0.739  |  0.739  
  0.662  |  3.745  |  0.670  |  0.654  
  0.739  |  3.752  |  0.739  |  0.739  
  0.708  |  3.759  |  0.708  |  0.708  
  0.647  |  3.766  |  0.639  |  0.654  
  0.739  |  3.773  |  0.731  |  0.747  
  0.662  |  3.780  |  0.662  |  0.662  
  0.754  |  3.787  |  0.754  |  0.754  
  0.662  |  3.794  |  0.662  |  0.662  
  0.739  |  3.801  |  0.739  |  0.739  
  0.677  |  3.808  |  0.677  |  0.677  
  0.708  |  3.815  |  0.708  |  0.708  
  0.708  |  3.822  |  0.708  |  0.708  
  0.693  |  3.829  |  0.685  |  0.700  
  0.708  |  3.836  |  0.708  |  0.708  
  0.708  |  3.843  |  0.708  |  0.708  
  0.631  |  3.849  |  0.639  |  0.623  
  0.647  |  3.863  |  0.647  |  0.647  
  0.647  |  3.863  |  0.647  |  0.647  
  0.693  |  3.878  |  0.693  |  0.693  
  0.739  |  3.885  |  0.739  |  0.739  
  0.677  |  3.892  |  0.677  |  0.677  
  0.724  |  3.899  |  0.724  |  0.724  
  0.677  |  3.906  |  0.677  |  0.677  
  0.724  |  3.913  |  0.724  |  0.724  
  0.662  |  3.920  |  0.670  |  0.654  
  0.754  |  3.927  |  0.754  |  0.754  
  0.677  |  3.934  |  0.677  |  0.677  
  0.693  |  3.941  |  0.693  |  0.693  
  0.708  |  3.948  |  0.708  |  0.708  
  0.662  |  3.955  |  0.662  |  0.662  
  0.754  |  3.962  |  0.754  |  0.754  
  0.708  |  3.969  |  0.700  |  0.716  
  0.647  |  3.976  |  0.639  |  0.654  
  0.677  |  3.982  |  0.677  |  0.677  
  0.708  |  3.990  |  0.708  |  0.708  
  0.708  |  3.997  |  0.708  |  0.708  
  0.708  |  4.004  |  0.708  |  0.708  
  0.693  |  4.011  |  0.700  |  0.685  
  0.708  |  4.018  |  0.716  |  0.700  
  0.724  |  4.025  |  0.724  |  0.724  
  0.708  |  4.032  |  0.700  |  0.716  
  0.708  |  4.039  |  0.708  |  0.708  
  0.662  |  4.046  |  0.654  |  0.670  
  0.693  |  4.053  |  0.685  |  0.700  
  0.677  |  4.059  |  0.670  |  0.685  
  0.724  |  4.067  |  0.724  |  0.724  
  0.677  |  4.073  |  0.677  |  0.677  
  0.724  |  4.081  |  0.716  |  0.731  
  0.754  |  4.088  |  0.754  |  0.754  
  0.677  |  4.101  |  0.677  |  0.677  
  0.739  |  4.109  |  0.739  |  0.739  
  0.662  |  4.115  |  0.662  |  0.662  
  0.739  |  4.123  |  0.731  |  0.747  
  0.708  |  4.130  |  0.708  |  0.708  
  0.693  |  4.137  |  0.693  |  0.693  
  0.662  |  4.143  |  0.662  |  0.662  
  0.739  |  4.151  |  0.739  |  0.739  
  0.662  |  4.157  |  0.654  |  0.670  
  0.739  |  4.165  |  0.739  |  0.739  
  0.662  |  4.171  |  0.662  |  0.662  
  0.693  |  4.178  |  0.700  |  0.685  
  0.708  |  4.185  |  0.716  |  0.700  
  0.724  |  4.193  |  0.731  |  0.716  
  0.677  |  4.199  |  0.670  |  0.685  
  0.724  |  4.207  |  0.724  |  0.724  
  0.677  |  4.213  |  0.677  |  0.677  
  0.724  |  4.221  |  0.724  |  0.724  
  0.693  |  4.228  |  0.693  |  0.693  
  0.693  |  4.234  |  0.700  |  0.685  
  0.724  |  4.242  |  0.724  |  0.724  
  0.677  |  4.248  |  0.677  |  0.677  
  0.662  |  4.255  |  0.670  |  0.654  
  0.724  |  4.262  |  0.716  |  0.731  
  0.693  |  4.269  |  0.685  |  0.700  
  0.693  |  4.276  |  0.700  |  0.685  
  0.708  |  4.283  |  0.708  |  0.708  
  0.739  |  4.291  |  0.739  |  0.739  
  0.724  |  4.298  |  0.724  |  0.724  
  0.647  |  4.304  |  0.654  |  0.639  
  0.693  |  4.311  |  0.700  |  0.685  
  0.724  |  4.318  |  0.724  |  0.724  
  0.693  |  4.325  |  0.693  |  0.693  
  0.724  |  4.333  |  0.724  |  0.724  
  0.708  |  4.340  |  0.708  |  0.708  
  0.693  |  4.347  |  0.693  |  0.693  
  0.754  |  4.354  |  0.754  |  0.754  
  0.677  |  4.368  |  0.677  |  0.677  
  0.647  |  4.374  |  0.647  |  0.647  
  0.754  |  4.382  |  0.754  |  0.754  
  0.708  |  4.389  |  0.716  |  0.700  
  0.677  |  4.395  |  0.685  |  0.670  
  0.708  |  4.403  |  0.716  |  0.700  
  0.677  |  4.409  |  0.670  |  0.685  
  0.724  |  4.417  |  0.716  |  0.731  
  0.662  |  4.423  |  0.654  |  0.670  
  0.739  |  4.431  |  0.739  |  0.739  
  0.662  |  4.437  |  0.670  |  0.654  
  0.677  |  4.444  |  0.677  |  0.677  
  0.739  |  4.451  |  0.747  |  0.731  
  0.708  |  4.458  |  0.708  |  0.708  
  0.693  |  4.465  |  0.685  |  0.700  
  0.708  |  4.472  |  0.708  |  0.708  
  0.662  |  4.479  |  0.654  |  0.670  
  0.739  |  4.486  |  0.747  |  0.731  
  0.677  |  4.493  |  0.677  |  0.677  
  0.770  |  4.501  |  0.770  |  0.770  
  0.677  |  4.508  |  0.677  |  0.677  
  0.708  |  4.515  |  0.700  |  0.716  
  0.677  |  4.521  |  0.677  |  0.677  
  0.724  |  4.529  |  0.724  |  0.724  
  0.677  |  4.535  |  0.685  |  0.670  
  0.693  |  4.542  |  0.693  |  0.693  
  0.724  |  4.550  |  0.724  |  0.724  
  0.693  |  4.556  |  0.685  |  0.700  
  0.662  |  4.563  |  0.654  |  0.670  
  0.754  |  4.571  |  0.762  |  0.747  
  0.647  |  4.577  |  0.647  |  0.647  
  0.724  |  4.584  |  0.724  |  0.724  
  0.677  |  4.591  |  0.677  |  0.677  
  0.724  |  4.598  |  0.724  |  0.724  
  0.739  |  4.606  |  0.739  |  0.739  
  0.693  |  4.613  |  0.693  |  0.693  
  0.677  |  4.619  |  0.677  |  0.677  
  0.739  |  4.627  |  0.739  |  0.739  
  0.662  |  4.640  |  0.662  |  0.662  
  0.754  |  4.648  |  0.754  |  0.754  
  0.693  |  4.655  |  0.693  |  0.693  
  0.647  |  4.661  |  0.654  |  0.639  
  0.724  |  4.668  |  0.724  |  0.724  
  0.724  |  4.676  |  0.716  |  0.731  
  0.677  |  4.682  |  0.677  |  0.677  
  0.724  |  4.690  |  0.731  |  0.716  
  0.677  |  4.696  |  0.677  |  0.677  
  0.693  |  4.703  |  0.700  |  0.685  
  0.739  |  4.711  |  0.739  |  0.739  
  0.677  |  4.717  |  0.677  |  0.677  
  0.724  |  4.725  |  0.731  |  0.716  
  0.708  |  4.732  |  0.708  |  0.708  
  0.693  |  4.739  |  0.693  |  0.693  
  0.693  |  4.746  |  0.685  |  0.700  
  0.677  |  4.752  |  0.677  |  0.677  
  0.693  |  4.759  |  0.693  |  0.693  
  0.662  |  4.766  |  0.654  |  0.670  
  0.739  |  4.773  |  0.739  |  0.739  
  0.662  |  4.780  |  0.670  |  0.654  
  0.677  |  4.787  |  0.685  |  0.670  
  0.739  |  4.794  |  0.739  |  0.739  
  0.693  |  4.801  |  0.685  |  0.700  
  0.724  |  4.808  |  0.724  |  0.724  
  0.677  |  4.815  |  0.670  |  0.685  
  0.708  |  4.822  |  0.708  |  0.708  
  0.739  |  4.829  |  0.739  |  0.739  
  0.677  |  4.836  |  0.677  |  0.677  
  0.724  |  4.843  |  0.724  |  0.724  
  0.693  |  4.850  |  0.693  |  0.693  
  0.724  |  4.857  |  0.724  |  0.724  
  0.662  |  4.864  |  0.654  |  0.670  
  0.677  |  4.871  |  0.677  |  0.677  
  0.708  |  4.878  |  0.708  |  0.708  
  0.754  |  4.885  |  0.754  |  0.754  
  0.631  |  4.892  |  0.631  |  0.631  
  0.754  |  4.899  |  0.754  |  0.754  
  0.677  |  4.913  |  0.677  |  0.677  
  0.693  |  4.920  |  0.685  |  0.700  
  0.677  |  4.927  |  0.677  |  0.677  
  0.724  |  4.934  |  0.724  |  0.724  
  0.693  |  4.941  |  0.685  |  0.700  
  0.693  |  4.948  |  0.700  |  0.685  
  0.754  |  4.955  |  0.754  |  0.754  
  0.677  |  4.962  |  0.677  |  0.677  
  0.739  |  4.969  |  0.739  |  0.739  
  0.662  |  4.976  |  0.654  |  0.670  
  0.708  |  4.983  |  0.700  |  0.716  
  0.677  |  4.990  |  0.677  |  0.677  
  0.724  |  4.997  |  0.724  |  0.724  
  0.708  |  5.004  |  0.716  |  0.700  
  0.708  |  5.011  |  0.716  |  0.700  
  0.693  |  5.018  |  0.693  |  0.693  
  0.693  |  5.025  |  0.693  |  0.693  
  0.708  |  5.032  |  0.716  |  0.700  
  0.693  |  5.039  |  0.693  |  0.693  
  0.708  |  5.046  |  0.700  |  0.716  
  0.693  |  5.053  |  0.693  |  0.693  
  0.693  |  5.060  |  0.693  |  0.693  
  0.724  |  5.067  |  0.724  |  0.724  
  0.708  |  5.074  |  0.716  |  0.700  
  0.693  |  5.081  |  0.693  |  0.693  
  0.708  |  5.088  |  0.708  |  0.708  
  0.662  |  5.095  |  0.654  |  0.670  
  0.708  |  5.102  |  0.708  |  0.708  
  0.693  |  5.109  |  0.693  |  0.693  
  0.708  |  5.116  |  0.716  |  0.700  
  0.754  |  5.124  |  0.754  |  0.754  
  0.662  |  5.130  |  0.662  |  0.662  
  0.662  |  5.137  |  0.670  |  0.654  
  0.693  |  5.144  |  0.693  |  0.693  
  0.739  |  5.151  |  0.731  |  0.747  
  0.708  |  5.158  |  0.700  |  0.716  
  0.677  |  5.165  |  0.670  |  0.685  
  0.693  |  5.172  |  0.693  |  0.693  
  0.708  |  5.179  |  0.708  |  0.708  
  0.677  |  5.193  |  0.677  |  0.677  
  0.693  |  5.200  |  0.700  |  0.685  
  0.708  |  5.207  |  0.708  |  0.708  
  0.693  |  5.214  |  0.693  |  0.693  
  0.708  |  5.221  |  0.716  |  0.700  
  0.693  |  5.228  |  0.693  |  0.693  
  0.708  |  5.235  |  0.708  |  0.708  
  0.662  |  5.241  |  0.654  |  0.670  
  0.708  |  5.248  |  0.708  |  0.708  
  0.724  |  5.256  |  0.724  |  0.724  
  0.724  |  5.263  |  0.724  |  0.724  
  0.662  |  5.269  |  0.662  |  0.662  
  0.739  |  5.277  |  0.739  |  0.739  
  0.662  |  5.283  |  0.662  |  0.662  
  0.724  |  5.291  |  0.724  |  0.724  
  0.724  |  5.298  |  0.731  |  0.716  
  0.693  |  5.305  |  0.693  |  0.693  
  0.708  |  5.312  |  0.708  |  0.708  
  0.693  |  5.319  |  0.693  |  0.693  
  0.708  |  5.326  |  0.708  |  0.708  
  0.708  |  5.333  |  0.700  |  0.716  
  0.677  |  5.340  |  0.677  |  0.677  
  0.693  |  5.347  |  0.700  |  0.685  
  0.693  |  5.354  |  0.700  |  0.685  
  0.739  |  5.361  |  0.739  |  0.739  
  0.677  |  5.368  |  0.677  |  0.677  
  0.662  |  5.374  |  0.654  |  0.670  
  0.693  |  5.381  |  0.693  |  0.693  
  0.770  |  5.389  |  0.770  |  0.770  
  0.693  |  5.396  |  0.693  |  0.693  
  0.677  |  5.403  |  0.677  |  0.677  
  0.662  |  5.416  |  0.654  |  0.670  
  0.724  |  5.424  |  0.724  |  0.724  
  0.724  |  5.431  |  0.724  |  0.724  
  0.677  |  5.438  |  0.677  |  0.677  
  0.708  |  5.445  |  0.716  |  0.700  
  0.677  |  5.451  |  0.677  |  0.677  
  0.724  |  5.459  |  0.724  |  0.724  
  0.693  |  5.466  |  0.693  |  0.693  
  0.724  |  5.473  |  0.724  |  0.724  
  0.677  |  5.480  |  0.677  |  0.677  
  0.724  |  5.487  |  0.724  |  0.724  
  0.677  |  5.494  |  0.670  |  0.685  
  0.724  |  5.501  |  0.724  |  0.724  
  0.677  |  5.508  |  0.677  |  0.677  
  0.708  |  5.515  |  0.716  |  0.700  
  0.677  |  5.521  |  0.685  |  0.670  
  0.724  |  5.529  |  0.724  |  0.724  
  0.677  |  5.535  |  0.677  |  0.677  
  0.724  |  5.543  |  0.716  |  0.731  
  0.662  |  5.549  |  0.670  |  0.654  
  0.724  |  5.556  |  0.731  |  0.716  
  0.693  |  5.563  |  0.693  |  0.693  
  0.693  |  5.570  |  0.693  |  0.693  
  0.662  |  5.577  |  0.662  |  0.662  
  0.724  |  5.584  |  0.724  |  0.724  
  0.693  |  5.591  |  0.693  |  0.693  
  0.724  |  5.598  |  0.731  |  0.716  
  0.724  |  5.606  |  0.724  |  0.724  
  0.677  |  5.612  |  0.685  |  0.670  
  0.677  |  5.619  |  0.670  |  0.685  
  0.770  |  5.627  |  0.770  |  0.770  
  0.724  |  5.634  |  0.724  |  0.724  
  0.647  |  5.640  |  0.647  |  0.647  
  0.677  |  5.647  |  0.677  |  0.677  
  0.708  |  5.654  |  0.708  |  0.708  
  0.724  |  5.662  |  0.716  |  0.731  
  0.708  |  5.669  |  0.708  |  0.708  
  0.693  |  5.676  |  0.700  |  0.685  
  0.662  |  5.682  |  0.662  |  0.662  
  0.724  |  5.689  |  0.716  |  0.731  
  0.693  |  5.703  |  0.685  |  0.700  
  0.708  |  5.710  |  0.708  |  0.708  
  0.693  |  5.717  |  0.700  |  0.685  
  0.693  |  5.724  |  0.700  |  0.685  
  0.724  |  5.731  |  0.731  |  0.716  
  0.677  |  5.738  |  0.670  |  0.685  
  0.739  |  5.745  |  0.739  |  0.739  
  0.677  |  5.752  |  0.677  |  0.677  
  0.724  |  5.759  |  0.716  |  0.731  
  0.677  |  5.766  |  0.677  |  0.677  
  0.693  |  5.773  |  0.700  |  0.685  
  0.708  |  5.780  |  0.708  |  0.708  
  0.724  |  5.787  |  0.724  |  0.724  
  0.631  |  5.794  |  0.623  |  0.639  
  0.724  |  5.801  |  0.716  |  0.731  
  0.677  |  5.808  |  0.685  |  0.670  
  0.739  |  5.815  |  0.739  |  0.739  
  0.677  |  5.822  |  0.677  |  0.677  
  0.739  |  5.829  |  0.739  |  0.739  
  0.662  |  5.836  |  0.654  |  0.670  
  0.754  |  5.843  |  0.754  |  0.754  
  0.647  |  5.850  |  0.639  |  0.654  
  0.754  |  5.857  |  0.754  |  0.754  
  0.647  |  5.864  |  0.654  |  0.639  
  0.770  |  5.872  |  0.770  |  0.770  
  0.662  |  5.878  |  0.662  |  0.662  
  0.724  |  5.885  |  0.724  |  0.724  
  0.677  |  5.892  |  0.685  |  0.670  
  0.754  |  5.900  |  0.762  |  0.747  
  0.647  |  5.906  |  0.647  |  0.647  
  0.724  |  5.913  |  0.716  |  0.731  
  0.677  |  5.920  |  0.677  |  0.677  
  0.708  |  5.927  |  0.708  |  0.708  
  0.708  |  5.934  |  0.700  |  0.716  
  0.677  |  5.941  |  0.685  |  0.670  
  0.754  |  5.949  |  0.747  |  0.762  
  0.708  |  5.956  |  0.708  |  0.708  
  0.708  |  5.963  |  0.708  |  0.708  
  0.647  |  5.969  |  0.647  |  0.647  
  0.662  |  5.983  |  0.670  |  0.654  
  0.724  |  5.990  |  0.724  |  0.724  
  0.693  |  5.997  |  0.693  |  0.693  
  0.739  |  6.004  |  0.739  |  0.739  
  0.708  |  6.011  |  0.708  |  0.708  
  0.631  |  6.018  |  0.639  |  0.623  
  0.739  |  6.025  |  0.739  |  0.739  
  0.647  |  6.032  |  0.647  |  0.647  
  0.770  |  6.039  |  0.770  |  0.770  
  0.662  |  6.046  |  0.662  |  0.662  
  0.754  |  6.053  |  0.747  |  0.762  
  0.677  |  6.060  |  0.677  |  0.677  
  0.724  |  6.067  |  0.731  |  0.716  
  0.647  |  6.074  |  0.647  |  0.647  
  0.770  |  6.082  |  0.770  |  0.770  
  0.677  |  6.088  |  0.670  |  0.685  
  0.693  |  6.095  |  0.685  |  0.700  
  0.724  |  6.102  |  0.724  |  0.724  
  0.662  |  6.109  |  0.662  |  0.662  
  0.677  |  6.116  |  0.685  |  0.670  
  0.724  |  6.123  |  0.724  |  0.724  
  0.677  |  6.130  |  0.677  |  0.677  
  0.785  |  6.138  |  0.785  |  0.785  
  0.677  |  6.144  |  0.677  |  0.677  
  0.677  |  6.151  |  0.677  |  0.677  
  0.708  |  6.158  |  0.700  |  0.716  
  0.693  |  6.165  |  0.685  |  0.700  
  0.693  |  6.179  |  0.693  |  0.693  
  0.708  |  6.186  |  0.716  |  0.700  
  0.708  |  6.193  |  0.708  |  0.708  
  0.693  |  6.200  |  0.700  |  0.685  
  0.677  |  6.207  |  0.677  |  0.677  
  0.708  |  6.214  |  0.708  |  0.708  
  0.677  |  6.221  |  0.677  |  0.677  
  0.739  |  6.228  |  0.739  |  0.739  
  0.677  |  6.235  |  0.677  |  0.677  
  0.724  |  6.242  |  0.724  |  0.724  
  0.693  |  6.249  |  0.693  |  0.693  
  0.754  |  6.257  |  0.754  |  0.754  
  0.693  |  6.263  |  0.685  |  0.700  
  0.693  |  6.270  |  0.693  |  0.693  
  0.708  |  6.277  |  0.708  |  0.708  
  0.677  |  6.284  |  0.685  |  0.670  
  0.693  |  6.291  |  0.693  |  0.693  
  0.708  |  6.298  |  0.708  |  0.708  
  0.708  |  6.305  |  0.708  |  0.708  
  0.662  |  6.312  |  0.662  |  0.662  
  0.724  |  6.319  |  0.724  |  0.724  
  0.693  |  6.326  |  0.693  |  0.693  
  0.708  |  6.333  |  0.708  |  0.708  
  0.693  |  6.340  |  0.685  |  0.700  
  0.708  |  6.347  |  0.708  |  0.708  
  0.693  |  6.354  |  0.693  |  0.693  
  0.739  |  6.361  |  0.739  |  0.739  
  0.662  |  6.368  |  0.662  |  0.662  
  0.693  |  6.375  |  0.693  |  0.693  
  0.677  |  6.382  |  0.685  |  0.670  
  0.724  |  6.389  |  0.724  |  0.724  
  0.708  |  6.396  |  0.700  |  0.716  
  0.708  |  6.403  |  0.716  |  0.700  
  0.693  |  6.410  |  0.700  |  0.685  
  0.693  |  6.417  |  0.685  |  0.700  
  0.677  |  6.431  |  0.677  |  0.677  
  0.662  |  6.437  |  0.662  |  0.662  
  0.724  |  6.445  |  0.724  |  0.724  
  0.724  |  6.452  |  0.716  |  0.731  
  0.708  |  6.459  |  0.708  |  0.708  
  0.693  |  6.466  |  0.685  |  0.700  
  0.708  |  6.473  |  0.716  |  0.700  
  0.662  |  6.480  |  0.654  |  0.670  
  0.693  |  6.487  |  0.685  |  0.700  
  0.708  |  6.494  |  0.708  |  0.708  
  0.708  |  6.501  |  0.708  |  0.708  
  0.739  |  6.508  |  0.739  |  0.739  
  0.662  |  6.515  |  0.662  |  0.662  
  0.739  |  6.522  |  0.739  |  0.739  
  0.662  |  6.529  |  0.662  |  0.662  
  0.754  |  6.536  |  0.754  |  0.754  
  0.662  |  6.543  |  0.662  |  0.662  
  0.693  |  6.550  |  0.693  |  0.693  
  0.708  |  6.557  |  0.716  |  0.700  
  0.677  |  6.564  |  0.677  |  0.677  
  0.724  |  6.571  |  0.724  |  0.724  
  0.739  |  6.578  |  0.739  |  0.739  
  0.739  |  6.586  |  0.739  |  0.739  
  0.662  |  6.592  |  0.662  |  0.662  
  0.662  |  6.599  |  0.654  |  0.670  
  0.739  |  6.606  |  0.739  |  0.739  
  0.662  |  6.613  |  0.662  |  0.662  
  0.739  |  6.620  |  0.739  |  0.739  
  0.724  |  6.627  |  0.724  |  0.724  
  0.677  |  6.634  |  0.685  |  0.670  
  0.693  |  6.641  |  0.700  |  0.685  
  0.662  |  6.648  |  0.670  |  0.654  
  0.693  |  6.655  |  0.693  |  0.693  
  0.754  |  6.662  |  0.747  |  0.762  
  0.662  |  6.675  |  0.654  |  0.670  
  0.708  |  6.683  |  0.708  |  0.708  
  0.693  |  6.689  |  0.700  |  0.685  
  0.724  |  6.697  |  0.724  |  0.724  
  0.708  |  6.704  |  0.700  |  0.716  
  0.693  |  6.711  |  0.693  |  0.693  
  0.724  |  6.718  |  0.731  |  0.716  
  0.662  |  6.725  |  0.670  |  0.654  
  0.739  |  6.732  |  0.739  |  0.739  
  0.647  |  6.738  |  0.639  |  0.654  
  0.754  |  6.746  |  0.754  |  0.754  
  0.662  |  6.753  |  0.654  |  0.670  
  0.739  |  6.760  |  0.739  |  0.739  
  0.647  |  6.766  |  0.647  |  0.647  
  0.754  |  6.774  |  0.754  |  0.754  
  0.677  |  6.781  |  0.677  |  0.677  
  0.739  |  6.788  |  0.747  |  0.731  
  0.662  |  6.795  |  0.662  |  0.662  
  0.754  |  6.802  |  0.754  |  0.754  
  0.724  |  6.809  |  0.724  |  0.724  
  0.693  |  6.816  |  0.693  |  0.693  
  0.693  |  6.823  |  0.693  |  0.693  
  0.724  |  6.830  |  0.724  |  0.724  
  0.662  |  6.837  |  0.662  |  0.662  
  0.693  |  6.844  |  0.685  |  0.700  
  0.647  |  6.850  |  0.654  |  0.639  
  0.693  |  6.857  |  0.685  |  0.700  
  0.754  |  6.865  |  0.754  |  0.754  
  0.693  |  6.872  |  0.700  |  0.685  
  0.708  |  6.879  |  0.708  |  0.708  
  0.708  |  6.886  |  0.708  |  0.708  
  0.677  |  6.893  |  0.677  |  0.677  
  0.754  |  6.900  |  0.754  |  0.754  
  0.708  |  6.907  |  0.708  |  0.708  
  0.708  |  6.914  |  0.708  |  0.708  
  0.662  |  6.921  |  0.654  |  0.670  
  0.677  |  6.935  |  0.685  |  0.670  
  0.724  |  6.942  |  0.731  |  0.716  
  0.677  |  6.949  |  0.670  |  0.685  
  0.724  |  6.956  |  0.724  |  0.724  
  0.693  |  6.963  |  0.693  |  0.693  
  0.708  |  6.970  |  0.700  |  0.716  
  0.677  |  6.977  |  0.677  |  0.677  
  0.724  |  6.984  |  0.724  |  0.724  
  0.647  |  6.990  |  0.647  |  0.647  
  0.724  |  6.998  |  0.724  |  0.724  
  0.724  |  7.005  |  0.731  |  0.716  
  0.693  |  7.012  |  0.693  |  0.693  
  0.724  |  7.019  |  0.724  |  0.724  
  0.677  |  7.026  |  0.677  |  0.677  
  0.724  |  7.033  |  0.724  |  0.724  
  0.677  |  7.040  |  0.677  |  0.677  
  0.739  |  7.047  |  0.739  |  0.739  
  0.739  |  7.054  |  0.739  |  0.739  
  0.616  |  7.061  |  0.623  |  0.608  
  0.724  |  7.068  |  0.724  |  0.724  
  0.724  |  7.075  |  0.731  |  0.716  
  0.677  |  7.082  |  0.670  |  0.685  
  0.693  |  7.089  |  0.693  |  0.693  
  0.708  |  7.096  |  0.708  |  0.708  
  0.708  |  7.103  |  0.708  |  0.708  
  0.677  |  7.110  |  0.677  |  0.677  
  0.708  |  7.117  |  0.716  |  0.700  
  0.708  |  7.124  |  0.708  |  0.708  
  0.677  |  7.131  |  0.677  |  0.677  
  0.662  |  7.137  |  0.670  |  0.654  
  0.708  |  7.144  |  0.708  |  0.708  
  0.708  |  7.151  |  0.700  |  0.716  
  0.693  |  7.158  |  0.693  |  0.693  
  0.708  |  7.165  |  0.700  |  0.716  
  0.708  |  7.172  |  0.708  |  0.708  
  0.754  |  7.180  |  0.754  |  0.754  
  0.677  |  7.187  |  0.685  |  0.670  
  0.693  |  7.194  |  0.685  |  0.700  
  0.693  |  7.207  |  0.693  |  0.693  
  0.693  |  7.214  |  0.685  |  0.700  
  0.724  |  7.222  |  0.724  |  0.724  
  0.677  |  7.228  |  0.677  |  0.677  
  0.693  |  7.235  |  0.693  |  0.693  
  0.708  |  7.242  |  0.708  |  0.708  
  0.708  |  7.249  |  0.708  |  0.708  
  0.662  |  7.256  |  0.670  |  0.654  
  0.693  |  7.263  |  0.700  |  0.685  
  0.739  |  7.270  |  0.731  |  0.747  
  0.693  |  7.277  |  0.693  |  0.693  
  0.693  |  7.284  |  0.693  |  0.693  
  0.693  |  7.291  |  0.693  |  0.693  
  0.693  |  7.298  |  0.693  |  0.693  
  0.724  |  7.305  |  0.716  |  0.731  
  0.693  |  7.312  |  0.693  |  0.693  
  0.724  |  7.319  |  0.731  |  0.716  
  0.677  |  7.326  |  0.677  |  0.677  
  0.724  |  7.333  |  0.724  |  0.724  
  0.677  |  7.340  |  0.677  |  0.677  
  0.693  |  7.347  |  0.693  |  0.693  
  0.693  |  7.354  |  0.685  |  0.700  
  0.724  |  7.361  |  0.731  |  0.716  
  0.677  |  7.368  |  0.677  |  0.677  
  0.724  |  7.375  |  0.716  |  0.731  
  0.677  |  7.382  |  0.677  |  0.677  
  0.739  |  7.389  |  0.739  |  0.739  
  0.662  |  7.396  |  0.654  |  0.670  
  0.724  |  7.403  |  0.724  |  0.724  
  0.693  |  7.410  |  0.685  |  0.700  
  0.647  |  7.417  |  0.647  |  0.647  
  0.739  |  7.424  |  0.739  |  0.739  
  0.708  |  7.431  |  0.708  |  0.708  
  0.647  |  7.437  |  0.639  |  0.654  
  0.770  |  7.445  |  0.770  |  0.770  
  0.693  |  7.452  |  0.700  |  0.685  
  0.677  |  7.459  |  0.685  |  0.670  
  0.677  |  7.466  |  0.670  |  0.685  
  0.693  |  7.480  |  0.693  |  0.693  
  0.708  |  7.487  |  0.716  |  0.700  
  0.724  |  7.494  |  0.724  |  0.724  
  0.724  |  7.501  |  0.724  |  0.724  
  0.677  |  7.508  |  0.677  |  0.677  
  0.693  |  7.515  |  0.685  |  0.700  
  0.724  |  7.522  |  0.724  |  0.724  
  0.677  |  7.529  |  0.677  |  0.677  
  0.724  |  7.536  |  0.724  |  0.724  
  0.677  |  7.543  |  0.677  |  0.677  
  0.724  |  7.550  |  0.724  |  0.724  
  0.662  |  7.557  |  0.662  |  0.662  
  0.739  |  7.564  |  0.731  |  0.747  
  0.677  |  7.571  |  0.685  |  0.670  
  0.724  |  7.578  |  0.716  |  0.731  
  0.677  |  7.585  |  0.677  |  0.677  
  0.724  |  7.592  |  0.731  |  0.716  
  0.677  |  7.599  |  0.677  |  0.677  
  0.724  |  7.606  |  0.716  |  0.731  
  0.677  |  7.613  |  0.677  |  0.677  
  0.739  |  7.620  |  0.739  |  0.739  
  0.662  |  7.627  |  0.670  |  0.654  
  0.739  |  7.634  |  0.739  |  0.739  
  0.662  |  7.641  |  0.654  |  0.670  
  0.724  |  7.648  |  0.716  |  0.731  

received SIGINT Ctrl-C
