CPU Frequency: 1000mhz
starting lcm thread... 
starting setpoint thread... 
starting print thread... 
initializing imu... 
initializing controller...
initializing motors...
initializing odometry...
attaching imu interupt...
we are running!!!

RUNNING...
SENSORS | ODOMETRY |
  X_DOT  |    X    |
  0.000  |  0.000  |  0.000  |  0.000  
  0.000  |  0.000  |  0.000  |  0.000  
  0.046  |  0.000  |  0.046  |  0.046  
  0.185  |  0.002  |  0.185  |  0.185  
  0.262  |  0.005  |  0.262  |  0.262  
  0.354  |  0.008  |  0.354  |  0.354  
  0.339  |  0.012  |  0.339  |  0.339  
  0.385  |  0.016  |  0.393  |  0.377  
  0.385  |  0.020  |  0.385  |  0.385  
  0.354  |  0.023  |  0.354  |  0.354  
  0.385  |  0.027  |  0.385  |  0.385  
  0.400  |  0.031  |  0.408  |  0.393  
  0.354  |  0.034  |  0.362  |  0.346  
  0.385  |  0.038  |  0.385  |  0.385  
  0.446  |  0.043  |  0.446  |  0.446  
  0.385  |  0.047  |  0.385  |  0.385  
  0.400  |  0.051  |  0.408  |  0.393  
  0.416  |  0.055  |  0.423  |  0.408  
  0.416  |  0.059  |  0.423  |  0.408  
  0.416  |  0.063  |  0.423  |  0.408  
  0.431  |  0.067  |  0.431  |  0.431  
  0.446  |  0.072  |  0.446  |  0.446  
  0.431  |  0.076  |  0.431  |  0.431  
  0.446  |  0.081  |  0.439  |  0.454  
  0.431  |  0.085  |  0.431  |  0.431  
  0.462  |  0.090  |  0.470  |  0.454  
  0.431  |  0.094  |  0.439  |  0.423  
  0.462  |  0.099  |  0.470  |  0.454  
  0.446  |  0.103  |  0.446  |  0.446  
  0.446  |  0.107  |  0.454  |  0.439  
  0.462  |  0.112  |  0.470  |  0.454  
  0.477  |  0.117  |  0.477  |  0.477  
  0.462  |  0.121  |  0.462  |  0.462  
  0.523  |  0.127  |  0.523  |  0.523  
  0.477  |  0.131  |  0.477  |  0.477  
  0.477  |  0.136  |  0.470  |  0.485  
  0.477  |  0.141  |  0.477  |  0.477  
  0.493  |  0.146  |  0.500  |  0.485  
  0.508  |  0.151  |  0.508  |  0.508  
  0.493  |  0.161  |  0.485  |  0.500  
  0.508  |  0.166  |  0.508  |  0.508  
  0.477  |  0.171  |  0.485  |  0.470  
  0.493  |  0.176  |  0.493  |  0.493  
  0.539  |  0.181  |  0.539  |  0.539  
  0.523  |  0.186  |  0.531  |  0.516  
  0.539  |  0.192  |  0.531  |  0.546  
  0.508  |  0.197  |  0.508  |  0.508  
  0.508  |  0.202  |  0.508  |  0.508  
  0.554  |  0.207  |  0.562  |  0.546  
  0.477  |  0.212  |  0.470  |  0.485  
  0.570  |  0.218  |  0.570  |  0.570  
  0.508  |  0.223  |  0.508  |  0.508  
  0.570  |  0.229  |  0.569  |  0.570  
  0.523  |  0.234  |  0.531  |  0.516  
  0.554  |  0.239  |  0.562  |  0.546  
  0.523  |  0.245  |  0.531  |  0.516  
  0.539  |  0.250  |  0.539  |  0.539  
  0.539  |  0.255  |  0.539  |  0.539  
  0.570  |  0.261  |  0.570  |  0.570  
  0.539  |  0.266  |  0.531  |  0.546  
  0.570  |  0.272  |  0.577  |  0.562  
  0.585  |  0.278  |  0.593  |  0.577  
  0.539  |  0.283  |  0.546  |  0.531  
  0.585  |  0.289  |  0.585  |  0.585  
  0.570  |  0.295  |  0.570  |  0.570  
  0.554  |  0.300  |  0.554  |  0.554  
  0.570  |  0.306  |  0.562  |  0.577  
  0.570  |  0.312  |  0.577  |  0.562  
  0.585  |  0.318  |  0.585  |  0.585  
  0.570  |  0.323  |  0.577  |  0.562  
  0.600  |  0.329  |  0.600  |  0.600  
  0.570  |  0.341  |  0.570  |  0.570  
  0.585  |  0.346  |  0.585  |  0.585  
  0.600  |  0.353  |  0.600  |  0.600  
  0.616  |  0.359  |  0.616  |  0.616  
  0.600  |  0.365  |  0.608  |  0.593  
  0.570  |  0.370  |  0.577  |  0.562  
  0.570  |  0.376  |  0.570  |  0.570  
  0.585  |  0.382  |  0.585  |  0.585  
  0.631  |  0.388  |  0.631  |  0.631  
  0.570  |  0.394  |  0.577  |  0.562  
  0.616  |  0.400  |  0.623  |  0.608  
  0.570  |  0.406  |  0.570  |  0.570  
  0.631  |  0.412  |  0.623  |  0.639  
  0.585  |  0.418  |  0.585  |  0.585  
  0.600  |  0.424  |  0.600  |  0.600  
  0.647  |  0.430  |  0.654  |  0.639  
  0.570  |  0.436  |  0.570  |  0.570  
  0.647  |  0.443  |  0.647  |  0.647  
  0.616  |  0.449  |  0.616  |  0.616  
  0.616  |  0.455  |  0.616  |  0.616  
  0.616  |  0.461  |  0.616  |  0.616  
  0.616  |  0.467  |  0.616  |  0.616  
  0.616  |  0.473  |  0.616  |  0.616  
  0.585  |  0.479  |  0.593  |  0.577  
  0.662  |  0.486  |  0.662  |  0.662  
  0.585  |  0.492  |  0.593  |  0.577  
  0.631  |  0.498  |  0.631  |  0.631  
  0.631  |  0.504  |  0.631  |  0.631  
  0.662  |  0.511  |  0.662  |  0.662  
  0.616  |  0.517  |  0.616  |  0.616  
  0.600  |  0.523  |  0.600  |  0.600  
  0.600  |  0.529  |  0.608  |  0.593  
  0.647  |  0.536  |  0.647  |  0.647  
  0.647  |  0.542  |  0.647  |  0.647  
  0.616  |  0.548  |  0.608  |  0.623  
  0.616  |  0.554  |  0.623  |  0.608  
  0.631  |  0.561  |  0.631  |  0.631  
  0.616  |  0.573  |  0.616  |  0.616  
  0.647  |  0.580  |  0.654  |  0.639  
  0.631  |  0.586  |  0.631  |  0.631  
  0.662  |  0.593  |  0.662  |  0.662  
  0.600  |  0.599  |  0.608  |  0.593  
  0.662  |  0.605  |  0.654  |  0.670  
  0.616  |  0.612  |  0.616  |  0.616  
  0.647  |  0.618  |  0.654  |  0.639  
  0.616  |  0.624  |  0.608  |  0.623  
  0.708  |  0.631  |  0.708  |  0.708  
  0.600  |  0.637  |  0.600  |  0.600  
  0.693  |  0.644  |  0.700  |  0.685  
  0.600  |  0.650  |  0.600  |  0.600  
  0.693  |  0.657  |  0.700  |  0.685  
  0.600  |  0.663  |  0.593  |  0.608  
  0.693  |  0.670  |  0.700  |  0.685  
  0.616  |  0.676  |  0.616  |  0.616  
  0.693  |  0.683  |  0.700  |  0.685  
  0.647  |  0.690  |  0.647  |  0.647  
  0.662  |  0.696  |  0.662  |  0.662  
  0.616  |  0.702  |  0.608  |  0.623  
  0.677  |  0.709  |  0.677  |  0.677  
  0.647  |  0.716  |  0.647  |  0.647  
  0.708  |  0.723  |  0.708  |  0.708  
  0.631  |  0.729  |  0.639  |  0.623  
  0.662  |  0.736  |  0.662  |  0.662  
  0.662  |  0.742  |  0.662  |  0.662  
  0.647  |  0.749  |  0.647  |  0.647  
  0.662  |  0.755  |  0.670  |  0.654  
  0.677  |  0.762  |  0.677  |  0.677  
  0.631  |  0.768  |  0.631  |  0.631  
  0.677  |  0.775  |  0.670  |  0.685  
  0.647  |  0.782  |  0.647  |  0.647  
  0.677  |  0.788  |  0.677  |  0.677  
  0.647  |  0.795  |  0.654  |  0.639  
  0.647  |  0.801  |  0.654  |  0.639  
  0.662  |  0.808  |  0.670  |  0.654  
  0.662  |  0.815  |  0.654  |  0.670  
  0.708  |  0.822  |  0.708  |  0.708  
  0.662  |  0.828  |  0.662  |  0.662  
  0.662  |  0.835  |  0.654  |  0.670  
  0.647  |  0.841  |  0.647  |  0.647  
  0.677  |  0.855  |  0.677  |  0.677  
  0.677  |  0.862  |  0.685  |  0.670  
  0.662  |  0.868  |  0.662  |  0.662  
  0.677  |  0.875  |  0.677  |  0.677  
  0.647  |  0.881  |  0.647  |  0.647  
  0.677  |  0.888  |  0.677  |  0.677  
  0.616  |  0.894  |  0.608  |  0.623  
  0.693  |  0.901  |  0.693  |  0.693  
  0.708  |  0.908  |  0.708  |  0.708  
  0.662  |  0.915  |  0.662  |  0.662  
  0.708  |  0.922  |  0.716  |  0.700  
  0.631  |  0.928  |  0.639  |  0.623  
  0.693  |  0.935  |  0.685  |  0.700  
  0.647  |  0.942  |  0.647  |  0.647  
  0.693  |  0.949  |  0.693  |  0.693  
  0.693  |  0.956  |  0.693  |  0.693  
  0.677  |  0.962  |  0.677  |  0.677  
  0.677  |  0.969  |  0.685  |  0.670  
  0.662  |  0.976  |  0.662  |  0.662  
  0.662  |  0.982  |  0.662  |  0.662  
  0.677  |  0.989  |  0.670  |  0.685  
  0.662  |  0.996  |  0.662  |  0.662  
  0.693  |  1.003  |  0.693  |  0.693  
  0.662  |  1.009  |  0.670  |  0.654  
  0.677  |  1.016  |  0.677  |  0.677  
  0.693  |  1.023  |  0.693  |  0.693  
  0.693  |  1.030  |  0.693  |  0.693  
  0.677  |  1.037  |  0.677  |  0.677  
  0.662  |  1.043  |  0.654  |  0.670  
  0.647  |  1.050  |  0.639  |  0.654  
  0.662  |  1.056  |  0.662  |  0.662  
  0.724  |  1.064  |  0.724  |  0.724  
  0.677  |  1.070  |  0.677  |  0.677  
  0.693  |  1.077  |  0.693  |  0.693  
  0.677  |  1.084  |  0.677  |  0.677  
  0.708  |  1.091  |  0.708  |  0.708  
  0.677  |  1.105  |  0.677  |  0.677  
  0.662  |  1.112  |  0.670  |  0.654  
  0.662  |  1.118  |  0.670  |  0.654  
  0.677  |  1.125  |  0.677  |  0.677  
  0.693  |  1.132  |  0.693  |  0.693  
  0.739  |  1.139  |  0.739  |  0.739  
  0.631  |  1.146  |  0.631  |  0.631  
  0.693  |  1.153  |  0.685  |  0.700  
  0.677  |  1.159  |  0.677  |  0.677  
  0.693  |  1.166  |  0.700  |  0.685  
  0.739  |  1.174  |  0.739  |  0.739  
  0.693  |  1.181  |  0.693  |  0.693  
  0.631  |  1.187  |  0.623  |  0.639  
  0.693  |  1.194  |  0.700  |  0.685  
  0.677  |  1.201  |  0.677  |  0.677  
  0.693  |  1.207  |  0.693  |  0.693  
  0.677  |  1.214  |  0.670  |  0.685  
  0.677  |  1.221  |  0.677  |  0.677  
  0.677  |  1.228  |  0.677  |  0.677  
  0.739  |  1.235  |  0.739  |  0.739  
  0.647  |  1.242  |  0.654  |  0.639  
  0.724  |  1.249  |  0.731  |  0.716  
  0.662  |  1.255  |  0.662  |  0.662  
  0.708  |  1.263  |  0.708  |  0.708  
  0.662  |  1.269  |  0.654  |  0.670  
  0.708  |  1.276  |  0.708  |  0.708  
  0.647  |  1.283  |  0.647  |  0.647  
  0.724  |  1.290  |  0.724  |  0.724  
  0.662  |  1.297  |  0.654  |  0.670  
  0.677  |  1.303  |  0.677  |  0.677  
  0.693  |  1.310  |  0.700  |  0.685  
  0.708  |  1.317  |  0.708  |  0.708  
  0.708  |  1.324  |  0.708  |  0.708  
  0.708  |  1.332  |  0.716  |  0.700  
  0.631  |  1.338  |  0.631  |  0.631  
  0.677  |  1.345  |  0.670  |  0.685  
  0.662  |  1.358  |  0.670  |  0.654  
  0.693  |  1.365  |  0.700  |  0.685  
  0.662  |  1.372  |  0.670  |  0.654  
  0.754  |  1.379  |  0.754  |  0.754  
  0.677  |  1.386  |  0.685  |  0.670  
  0.708  |  1.393  |  0.716  |  0.700  
  0.677  |  1.400  |  0.677  |  0.677  
  0.693  |  1.407  |  0.693  |  0.693  
  0.693  |  1.414  |  0.685  |  0.700  
  0.693  |  1.421  |  0.693  |  0.693  
  0.693  |  1.428  |  0.700  |  0.685  
  0.724  |  1.435  |  0.724  |  0.724  
  0.677  |  1.442  |  0.677  |  0.677  
  0.708  |  1.449  |  0.708  |  0.708  
  0.693  |  1.456  |  0.693  |  0.693  
  0.677  |  1.462  |  0.677  |  0.677  
  0.708  |  1.469  |  0.708  |  0.708  
  0.677  |  1.476  |  0.685  |  0.670  
  0.677  |  1.483  |  0.677  |  0.677  
  0.708  |  1.490  |  0.700  |  0.716  
  0.693  |  1.497  |  0.693  |  0.693  
  0.739  |  1.504  |  0.739  |  0.739  
  0.616  |  1.510  |  0.608  |  0.623  
  0.754  |  1.518  |  0.754  |  0.754  
  0.693  |  1.525  |  0.693  |  0.693  
  0.662  |  1.532  |  0.670  |  0.654  
  0.677  |  1.538  |  0.677  |  0.677  
  0.693  |  1.545  |  0.693  |  0.693  
  0.724  |  1.552  |  0.724  |  0.724  
  0.677  |  1.559  |  0.685  |  0.670  
  0.693  |  1.566  |  0.700  |  0.685  
  0.662  |  1.580  |  0.662  |  0.662  
  0.662  |  1.580  |  0.662  |  0.662  
  0.677  |  1.594  |  0.677  |  0.677  
  0.724  |  1.601  |  0.724  |  0.724  
  0.677  |  1.608  |  0.677  |  0.677  
  0.739  |  1.616  |  0.731  |  0.747  
  0.647  |  1.622  |  0.647  |  0.647  
  0.739  |  1.629  |  0.747  |  0.731  
  0.708  |  1.636  |  0.708  |  0.708  
  0.677  |  1.643  |  0.677  |  0.677  
  0.708  |  1.650  |  0.708  |  0.708  
  0.677  |  1.657  |  0.670  |  0.685  
  0.708  |  1.664  |  0.708  |  0.708  
  0.677  |  1.671  |  0.685  |  0.670  
  0.708  |  1.678  |  0.708  |  0.708  
  0.677  |  1.685  |  0.685  |  0.670  
  0.662  |  1.691  |  0.662  |  0.662  
  0.739  |  1.699  |  0.739  |  0.739  
  0.662  |  1.705  |  0.670  |  0.654  
  0.739  |  1.713  |  0.731  |  0.747  
  0.693  |  1.720  |  0.685  |  0.700  
  0.677  |  1.727  |  0.677  |  0.677  
  0.724  |  1.734  |  0.724  |  0.724  
  0.708  |  1.741  |  0.716  |  0.700  
  0.616  |  1.747  |  0.608  |  0.623  
  0.708  |  1.754  |  0.708  |  0.708  
  0.739  |  1.761  |  0.739  |  0.739  
  0.708  |  1.769  |  0.716  |  0.700  
  0.677  |  1.775  |  0.677  |  0.677  
  0.677  |  1.782  |  0.677  |  0.677  
  0.739  |  1.789  |  0.731  |  0.747  
  0.631  |  1.796  |  0.639  |  0.623  
  0.693  |  1.803  |  0.693  |  0.693  
  0.724  |  1.810  |  0.724  |  0.724  
  0.693  |  1.817  |  0.693  |  0.693  
  0.724  |  1.824  |  0.724  |  0.724  
  0.724  |  1.831  |  0.731  |  0.716  
  0.662  |  1.838  |  0.662  |  0.662  
  0.647  |  1.852  |  0.647  |  0.647  
  0.647  |  1.852  |  0.647  |  0.647  
  0.708  |  1.866  |  0.716  |  0.700  
  0.708  |  1.873  |  0.716  |  0.700  
  0.693  |  1.880  |  0.693  |  0.693  
  0.708  |  1.887  |  0.708  |  0.708  
  0.647  |  1.893  |  0.639  |  0.654  
  0.724  |  1.901  |  0.724  |  0.724  
  0.693  |  1.908  |  0.693  |  0.693  
  0.724  |  1.915  |  0.724  |  0.724  
  0.708  |  1.922  |  0.716  |  0.700  
  0.677  |  1.929  |  0.685  |  0.670  
  0.708  |  1.936  |  0.708  |  0.708  
  0.693  |  1.943  |  0.693  |  0.693  
  0.739  |  1.950  |  0.739  |  0.739  
  0.662  |  1.957  |  0.662  |  0.662  
  0.708  |  1.964  |  0.708  |  0.708  
  0.724  |  1.971  |  0.716  |  0.731  
  0.662  |  1.978  |  0.670  |  0.654  
  0.693  |  1.985  |  0.693  |  0.693  
  0.708  |  1.992  |  0.700  |  0.716  
  0.693  |  1.999  |  0.685  |  0.700  
  0.739  |  2.006  |  0.739  |  0.739  
  0.647  |  2.012  |  0.654  |  0.639  
  0.708  |  2.019  |  0.716  |  0.700  
  0.677  |  2.026  |  0.677  |  0.677  
  0.724  |  2.033  |  0.724  |  0.724  
  0.708  |  2.041  |  0.708  |  0.708  
  0.724  |  2.048  |  0.716  |  0.731  
  0.631  |  2.054  |  0.631  |  0.631  
  0.724  |  2.061  |  0.716  |  0.731  
  0.677  |  2.068  |  0.677  |  0.677  
  0.708  |  2.075  |  0.716  |  0.700  
  0.693  |  2.082  |  0.700  |  0.685  
  0.677  |  2.089  |  0.677  |  0.677  
  0.724  |  2.096  |  0.724  |  0.724  
  0.708  |  2.103  |  0.708  |  0.708  
  0.677  |  2.117  |  0.677  |  0.677  
  0.677  |  2.124  |  0.677  |  0.677  
  0.693  |  2.131  |  0.693  |  0.693  
  0.724  |  2.138  |  0.724  |  0.724  
  0.662  |  2.145  |  0.662  |  0.662  
  0.739  |  2.152  |  0.731  |  0.747  
  0.693  |  2.159  |  0.693  |  0.693  
  0.647  |  2.166  |  0.654  |  0.639  
  0.724  |  2.173  |  0.724  |  0.724  
  0.724  |  2.180  |  0.724  |  0.724  
  0.724  |  2.187  |  0.724  |  0.724  
  0.677  |  2.194  |  0.677  |  0.677  
  0.677  |  2.201  |  0.677  |  0.677  
  0.754  |  2.208  |  0.754  |  0.754  
  0.677  |  2.215  |  0.670  |  0.685  
  0.693  |  2.222  |  0.700  |  0.685  
  0.693  |  2.229  |  0.700  |  0.685  
  0.708  |  2.236  |  0.708  |  0.708  
  0.693  |  2.243  |  0.685  |  0.700  
  0.693  |  2.250  |  0.685  |  0.700  
  0.708  |  2.257  |  0.708  |  0.708  
  0.693  |  2.264  |  0.693  |  0.693  
  0.708  |  2.271  |  0.708  |  0.708  
  0.693  |  2.278  |  0.693  |  0.693  
  0.662  |  2.284  |  0.662  |  0.662  
  0.724  |  2.292  |  0.716  |  0.731  
  0.677  |  2.298  |  0.677  |  0.677  
  0.724  |  2.306  |  0.724  |  0.724  
  0.677  |  2.312  |  0.685  |  0.670  
  0.708  |  2.320  |  0.716  |  0.700  
  0.739  |  2.327  |  0.731  |  0.747  
  0.662  |  2.334  |  0.662  |  0.662  
  0.708  |  2.341  |  0.708  |  0.708  
  0.677  |  2.347  |  0.677  |  0.677  
  0.708  |  2.354  |  0.700  |  0.716  
  0.754  |  2.362  |  0.754  |  0.754  
  0.647  |  2.375  |  0.654  |  0.639  
  0.693  |  2.382  |  0.700  |  0.685  
  0.708  |  2.389  |  0.708  |  0.708  
  0.708  |  2.396  |  0.700  |  0.716  
  0.724  |  2.404  |  0.724  |  0.724  
  0.662  |  2.410  |  0.654  |  0.670  
  0.724  |  2.417  |  0.724  |  0.724  
  0.662  |  2.424  |  0.654  |  0.670  
  0.739  |  2.431  |  0.731  |  0.747  
  0.662  |  2.438  |  0.670  |  0.654  
  0.724  |  2.445  |  0.731  |  0.716  
  0.677  |  2.452  |  0.677  |  0.677  
  0.770  |  2.460  |  0.770  |  0.770  
  0.647  |  2.466  |  0.654  |  0.639  
  0.754  |  2.474  |  0.754  |  0.754  
  0.662  |  2.480  |  0.662  |  0.662  
  0.739  |  2.488  |  0.731  |  0.747  
  0.662  |  2.494  |  0.662  |  0.662  
  0.739  |  2.502  |  0.739  |  0.739  
  0.662  |  2.508  |  0.662  |  0.662  
  0.739  |  2.516  |  0.747  |  0.731  
  0.724  |  2.523  |  0.724  |  0.724  
  0.647  |  2.529  |  0.647  |  0.647  
  0.739  |  2.537  |  0.739  |  0.739  
  0.708  |  2.544  |  0.700  |  0.716  
  0.708  |  2.551  |  0.708  |  0.708  
  0.662  |  2.558  |  0.670  |  0.654  
  0.693  |  2.564  |  0.685  |  0.700  
  0.708  |  2.572  |  0.770  |  0.770  
  0.600  |  2.585  |  0.600  |  0.600  
  0.754  |  2.593  |  0.754  |  0.754  
  0.724  |  2.600  |  0.724  |  0.724  
  0.693  |  2.607  |  0.693  |  0.693  
  0.693  |  2.614  |  0.693  |  0.693  
  0.677  |  2.621  |  0.685  |  0.670  
  0.693  |  2.628  |  0.700  |  0.685  
  0.708  |  2.635  |  0.708  |  0.708  
  0.693  |  2.642  |  0.685  |  0.700  
  0.708  |  2.649  |  0.716  |  0.700  
  0.693  |  2.656  |  0.693  |  0.693  
  0.724  |  2.663  |  0.724  |  0.724  
  0.724  |  2.670  |  0.731  |  0.716  
  0.693  |  2.677  |  0.700  |  0.685  
  0.662  |  2.684  |  0.654  |  0.670  
  0.708  |  2.691  |  0.708  |  0.708  
  0.693  |  2.698  |  0.693  |  0.693  
  0.677  |  2.704  |  0.670  |  0.685  
  0.785  |  2.712  |  0.785  |  0.785  
  0.677  |  2.719  |  0.685  |  0.670  
  0.708  |  2.726  |  0.708  |  0.708  
  0.677  |  2.733  |  0.677  |  0.677  
  0.708  |  2.740  |  0.708  |  0.708  
  0.693  |  2.747  |  0.693  |  0.693  
  0.662  |  2.760  |  0.662  |  0.662  
  0.724  |  2.768  |  0.716  |  0.731  
  0.677  |  2.774  |  0.677  |  0.677  
  0.677  |  2.781  |  0.677  |  0.677  
  0.708  |  2.788  |  0.716  |  0.700  
  0.724  |  2.796  |  0.716  |  0.731  
  0.693  |  2.802  |  0.693  |  0.693  
  0.724  |  2.810  |  0.724  |  0.724  
  0.662  |  2.816  |  0.662  |  0.662  
  0.739  |  2.824  |  0.739  |  0.739  
  0.662  |  2.830  |  0.662  |  0.662  
  0.739  |  2.838  |  0.739  |  0.739  
  0.677  |  2.844  |  0.670  |  0.685  
  0.724  |  2.852  |  0.724  |  0.724  
  0.693  |  2.859  |  0.693  |  0.693  
  0.708  |  2.866  |  0.700  |  0.716  
  0.677  |  2.873  |  0.677  |  0.677  
  0.693  |  2.879  |  0.693  |  0.693  
  0.708  |  2.887  |  0.708  |  0.708  
  0.724  |  2.894  |  0.724  |  0.724  
  0.693  |  2.901  |  0.693  |  0.693  
  0.724  |  2.908  |  0.724  |  0.724  
  0.677  |  2.915  |  0.677  |  0.677  
  0.708  |  2.922  |  0.708  |  0.708  
  0.693  |  2.929  |  0.700  |  0.685  
  0.708  |  2.936  |  0.716  |  0.700  
  0.693  |  2.943  |  0.685  |  0.700  
  0.708  |  2.950  |  0.716  |  0.700  
  0.662  |  2.956  |  0.662  |  0.662  
  0.739  |  2.964  |  0.739  |  0.739  
  0.677  |  2.971  |  0.677  |  0.677  
  0.708  |  2.978  |  0.700  |  0.716  
  0.754  |  2.985  |  0.754  |  0.754  
  0.677  |  2.992  |  0.677  |  0.677  
  0.677  |  2.999  |  0.685  |  0.670  
  0.708  |  3.006  |  0.716  |  0.700  
  0.662  |  3.019  |  0.654  |  0.670  
  0.677  |  3.026  |  0.670  |  0.685  
  0.724  |  3.033  |  0.724  |  0.724  
  0.677  |  3.040  |  0.677  |  0.677  
  0.724  |  3.047  |  0.731  |  0.716  
  0.662  |  3.054  |  0.670  |  0.654  
  0.739  |  3.061  |  0.739  |  0.739  
  0.677  |  3.068  |  0.677  |  0.677  
  0.739  |  3.075  |  0.739  |  0.739  
  0.662  |  3.082  |  0.670  |  0.654  
  0.677  |  3.089  |  0.670  |  0.685  
  0.724  |  3.096  |  0.716  |  0.731  
  0.708  |  3.103  |  0.716  |  0.700  
  0.693  |  3.110  |  0.693  |  0.693  
  0.708  |  3.117  |  0.700  |  0.716  
  0.693  |  3.124  |  0.693  |  0.693  
  0.739  |  3.131  |  0.731  |  0.747  
  0.662  |  3.138  |  0.662  |  0.662  
  0.739  |  3.145  |  0.731  |  0.747  
  0.708  |  3.153  |  0.708  |  0.708  
  0.693  |  3.159  |  0.693  |  0.693  
  0.693  |  3.166  |  0.685  |  0.700  
  0.647  |  3.173  |  0.654  |  0.639  
  0.739  |  3.180  |  0.739  |  0.739  
  0.708  |  3.187  |  0.716  |  0.700  
  0.662  |  3.194  |  0.662  |  0.662  
  0.708  |  3.201  |  0.708  |  0.708  
  0.693  |  3.208  |  0.693  |  0.693  
  0.724  |  3.215  |  0.731  |  0.716  
  0.647  |  3.229  |  0.647  |  0.647  
  0.647  |  3.229  |  0.647  |  0.647  
  0.770  |  3.237  |  0.770  |  0.770  
  0.662  |  3.243  |  0.654  |  0.670  
  0.708  |  3.250  |  0.708  |  0.708  
  0.677  |  3.264  |  0.677  |  0.677  
  0.677  |  3.271  |  0.685  |  0.670  
  0.693  |  3.278  |  0.693  |  0.693  
  0.724  |  3.285  |  0.724  |  0.724  
  0.754  |  3.293  |  0.747  |  0.762  
  0.662  |  3.299  |  0.662  |  0.662  
  0.708  |  3.306  |  0.716  |  0.700  
  0.677  |  3.313  |  0.677  |  0.677  
  0.754  |  3.321  |  0.754  |  0.754  
  0.662  |  3.327  |  0.662  |  0.662  
  0.739  |  3.335  |  0.739  |  0.739  
  0.662  |  3.341  |  0.654  |  0.670  
  0.739  |  3.349  |  0.739  |  0.739  
  0.677  |  3.355  |  0.677  |  0.677  
  0.754  |  3.363  |  0.754  |  0.754  
  0.662  |  3.369  |  0.662  |  0.662  
  0.739  |  3.377  |  0.739  |  0.739  
  0.693  |  3.384  |  0.693  |  0.693  
  0.693  |  3.391  |  0.700  |  0.685  
  0.693  |  3.398  |  0.693  |  0.693  
  0.708  |  3.405  |  0.708  |  0.708  
  0.677  |  3.411  |  0.677  |  0.677  
  0.724  |  3.419  |  0.724  |  0.724  
  0.739  |  3.426  |  0.739  |  0.739  
  0.631  |  3.432  |  0.623  |  0.639  
  0.708  |  3.439  |  0.700  |  0.716  
  0.708  |  3.447  |  0.708  |  0.708  
  0.677  |  3.453  |  0.685  |  0.670  
  0.708  |  3.460  |  0.700  |  0.716  
  0.693  |  3.467  |  0.693  |  0.693  
  0.677  |  3.474  |  0.677  |  0.677  
  0.785  |  3.482  |  0.785  |  0.785  
  0.662  |  3.489  |  0.670  |  0.654  
  0.677  |  3.502  |  0.670  |  0.685  
  0.677  |  3.502  |  0.670  |  0.685  
  0.662  |  3.516  |  0.654  |  0.670  
  0.708  |  3.523  |  0.708  |  0.708  
  0.724  |  3.531  |  0.724  |  0.724  
  0.677  |  3.537  |  0.677  |  0.677  
  0.724  |  3.545  |  0.724  |  0.723  
  0.677  |  3.551  |  0.677  |  0.677  
  0.724  |  3.559  |  0.724  |  0.724  
  0.693  |  3.565  |  0.693  |  0.693  
  0.693  |  3.572  |  0.685  |  0.700  
  0.693  |  3.579  |  0.693  |  0.693  
  0.693  |  3.586  |  0.700  |  0.685  
  0.693  |  3.593  |  0.693  |  0.693  
  0.693  |  3.600  |  0.693  |  0.693  
  0.754  |  3.608  |  0.754  |  0.754  
  0.708  |  3.615  |  0.700  |  0.716  
  0.647  |  3.621  |  0.647  |  0.647  
  0.724  |  3.628  |  0.724  |  0.724  
  0.739  |  3.636  |  0.739  |  0.739  
  0.677  |  3.643  |  0.670  |  0.685  
  0.693  |  3.650  |  0.693  |  0.693  
  0.677  |  3.656  |  0.670  |  0.685  
  0.708  |  3.663  |  0.708  |  0.708  
  0.693  |  3.670  |  0.693  |  0.693  
  0.754  |  3.678  |  0.754  |  0.754  
  0.708  |  3.685  |  0.708  |  0.708  
  0.662  |  3.692  |  0.662  |  0.662  
  0.724  |  3.699  |  0.724  |  0.724  
  0.708  |  3.706  |  0.708  |  0.708  
  0.662  |  3.712  |  0.662  |  0.662  
  0.693  |  3.719  |  0.700  |  0.685  
  0.693  |  3.726  |  0.693  |  0.693  
  0.770  |  3.734  |  0.770  |  0.770  
  0.677  |  3.741  |  0.677  |  0.677  
  0.724  |  3.748  |  0.731  |  0.716  
  0.662  |  3.761  |  0.654  |  0.670  
  0.724  |  3.768  |  0.716  |  0.731  
  0.724  |  3.768  |  0.716  |  0.731  
  0.677  |  3.782  |  0.670  |  0.685  
  0.724  |  3.790  |  0.724  |  0.724  
  0.724  |  3.797  |  0.724  |  0.724  
  0.693  |  3.804  |  0.693  |  0.693  
  0.724  |  3.811  |  0.724  |  0.724  
  0.693  |  3.818  |  0.693  |  0.693  
  0.662  |  3.825  |  0.662  |  0.662  
  0.739  |  3.832  |  0.739  |  0.739  
  0.708  |  3.839  |  0.708  |  0.708  
  0.662  |  3.846  |  0.662  |  0.662  
  0.708  |  3.853  |  0.716  |  0.700  
  0.724  |  3.860  |  0.724  |  0.724  
  0.724  |  3.867  |  0.724  |  0.724  
  0.677  |  3.874  |  0.677  |  0.677  
  0.708  |  3.881  |  0.708  |  0.708  
  0.677  |  3.888  |  0.677  |  0.677  
  0.708  |  3.895  |  0.708  |  0.708  
  0.693  |  3.902  |  0.693  |  0.693  
  0.724  |  3.909  |  0.724  |  0.724  
  0.662  |  3.916  |  0.654  |  0.670  
  0.739  |  3.923  |  0.739  |  0.739  
  0.631  |  3.929  |  0.631  |  0.631  
  0.739  |  3.937  |  0.739  |  0.739  
  0.662  |  3.943  |  0.670  |  0.654  
  0.800  |  3.951  |  0.800  |  0.800  
  0.631  |  3.958  |  0.639  |  0.623  
  0.677  |  3.964  |  0.670  |  0.685  
  0.693  |  3.971  |  0.693  |  0.693  
  0.708  |  3.978  |  0.700  |  0.716  
  0.693  |  3.985  |  0.693  |  0.693  
  0.708  |  3.992  |  0.708  |  0.708  
  0.693  |  3.999  |  0.685  |  0.700  
  0.708  |  4.006  |  0.708  |  0.708  
  0.724  |  4.014  |  0.731  |  0.716  
  0.677  |  4.027  |  0.677  |  0.677  
  0.724  |  4.035  |  0.724  |  0.724  
  0.724  |  4.042  |  0.724  |  0.724  
  0.677  |  4.049  |  0.677  |  0.677  
  0.724  |  4.056  |  0.724  |  0.724  
  0.693  |  4.063  |  0.693  |  0.693  
  0.708  |  4.070  |  0.708  |  0.708  
  0.708  |  4.077  |  0.708  |  0.708  
  0.724  |  4.084  |  0.724  |  0.724  
  0.662  |  4.091  |  0.670  |  0.654  
  0.708  |  4.098  |  0.716  |  0.700  
  0.662  |  4.105  |  0.662  |  0.662  
  0.724  |  4.112  |  0.716  |  0.731  
  0.677  |  4.119  |  0.677  |  0.677  
  0.739  |  4.126  |  0.739  |  0.739  
  0.662  |  4.133  |  0.654  |  0.670  
  0.724  |  4.140  |  0.724  |  0.724  
  0.677  |  4.147  |  0.677  |  0.677  
  0.724  |  4.154  |  0.724  |  0.724  
  0.677  |  4.161  |  0.685  |  0.670  
  0.739  |  4.168  |  0.739  |  0.739  
  0.677  |  4.175  |  0.685  |  0.670  
  0.724  |  4.182  |  0.724  |  0.724  
  0.677  |  4.189  |  0.670  |  0.685  
  0.724  |  4.196  |  0.724  |  0.724  
  0.677  |  4.203  |  0.677  |  0.677  
  0.739  |  4.210  |  0.739  |  0.739  
  0.662  |  4.217  |  0.670  |  0.654  
  0.708  |  4.224  |  0.716  |  0.700  
  0.693  |  4.231  |  0.685  |  0.700  
  0.724  |  4.238  |  0.716  |  0.731  
  0.693  |  4.245  |  0.693  |  0.693  
  0.662  |  4.251  |  0.670  |  0.654  
  0.708  |  4.259  |  0.708  |  0.708  
  0.693  |  4.265  |  0.693  |  0.693  
  0.693  |  4.280  |  0.693  |  0.693  
  0.693  |  4.287  |  0.700  |  0.685  
  0.693  |  4.294  |  0.700  |  0.685  
  0.662  |  4.301  |  0.654  |  0.670  
  0.739  |  4.308  |  0.747  |  0.731  
  0.647  |  4.314  |  0.654  |  0.639  
  0.739  |  4.322  |  0.731  |  0.747  
  0.677  |  4.329  |  0.670  |  0.685  
  0.724  |  4.336  |  0.731  |  0.716  
  0.677  |  4.343  |  0.670  |  0.685  
  0.754  |  4.350  |  0.754  |  0.754  
  0.693  |  4.357  |  0.693  |  0.693  
  0.693  |  4.364  |  0.693  |  0.693  
  0.708  |  4.371  |  0.708  |  0.708  
  0.693  |  4.378  |  0.693  |  0.693  
  0.647  |  4.384  |  0.639  |  0.654  
  0.754  |  4.392  |  0.754  |  0.754  
  0.724  |  4.399  |  0.724  |  0.724  
  0.677  |  4.406  |  0.685  |  0.670  
  0.662  |  4.413  |  0.662  |  0.662  
  0.724  |  4.420  |  0.716  |  0.731  
  0.708  |  4.427  |  0.700  |  0.716  
  0.708  |  4.434  |  0.708  |  0.708  
  0.677  |  4.441  |  0.677  |  0.677  
  0.724  |  4.448  |  0.731  |  0.716  
  0.708  |  4.455  |  0.716  |  0.700  
  0.693  |  4.462  |  0.693  |  0.693  
  0.631  |  4.468  |  0.631  |  0.631  
  0.785  |  4.476  |  0.785  |  0.785  
  0.677  |  4.483  |  0.670  |  0.685  
  0.708  |  4.490  |  0.708  |  0.708  
  0.693  |  4.497  |  0.693  |  0.693  
  0.677  |  4.504  |  0.670  |  0.685  
  0.708  |  4.511  |  0.708  |  0.708  
  0.708  |  4.518  |  0.708  |  0.708  
  0.677  |  4.525  |  0.677  |  0.677  
  0.724  |  4.532  |  0.724  |  0.724  
  0.739  |  4.539  |  0.739  |  0.739  
  0.662  |  4.546  |  0.662  |  0.662  
  0.739  |  4.553  |  0.747  |  0.731  
  0.662  |  4.560  |  0.654  |  0.670  
  0.677  |  4.574  |  0.677  |  0.677  
  0.677  |  4.574  |  0.677  |  0.677  
  0.647  |  4.588  |  0.647  |  0.647  
  0.708  |  4.595  |  0.700  |  0.716  
  0.693  |  4.602  |  0.693  |  0.693  
  0.693  |  4.609  |  0.693  |  0.693  
  0.754  |  4.616  |  0.754  |  0.754  
  0.708  |  4.623  |  0.708  |  0.708  
  0.677  |  4.630  |  0.670  |  0.685  
  0.708  |  4.637  |  0.700  |  0.716  
  0.693  |  4.644  |  0.693  |  0.693  
  0.677  |  4.651  |  0.677  |  0.677  
  0.708  |  4.658  |  0.716  |  0.700  
  0.693  |  4.665  |  0.693  |  0.693  
  0.724  |  4.672  |  0.724  |  0.724  
  0.647  |  4.678  |  0.647  |  0.647  
  0.754  |  4.686  |  0.754  |  0.754  
  0.693  |  4.693  |  0.700  |  0.685  
  0.708  |  4.700  |  0.716  |  0.700  
  0.662  |  4.707  |  0.662  |  0.662  
  0.754  |  4.714  |  0.762  |  0.747  
  0.631  |  4.720  |  0.623  |  0.639  
  0.770  |  4.728  |  0.770  |  0.770  
  0.693  |  4.735  |  0.693  |  0.693  
  0.693  |  4.742  |  0.685  |  0.700  
  0.693  |  4.749  |  0.693  |  0.693  
  0.708  |  4.756  |  0.708  |  0.708  
  0.693  |  4.763  |  0.693  |  0.693  
  0.739  |  4.770  |  0.739  |  0.739  
  0.647  |  4.777  |  0.647  |  0.647  
  0.708  |  4.784  |  0.700  |  0.716  
  0.677  |  4.791  |  0.677  |  0.677  
  0.708  |  4.798  |  0.716  |  0.700  
  0.739  |  4.805  |  0.747  |  0.731  
  0.693  |  4.812  |  0.693  |  0.693  
  0.708  |  4.819  |  0.708  |  0.708  
  0.677  |  4.826  |  0.677  |  0.677  
  0.739  |  4.833  |  0.739  |  0.739  
  0.677  |  4.847  |  0.677  |  0.677  
  0.677  |  4.854  |  0.677  |  0.677  
  0.739  |  4.861  |  0.731  |  0.747  
  0.693  |  4.868  |  0.693  |  0.693  
  0.693  |  4.875  |  0.693  |  0.693  
  0.693  |  4.882  |  0.693  |  0.693  
  0.677  |  4.889  |  0.677  |  0.677  
  0.724  |  4.896  |  0.724  |  0.724  
  0.724  |  4.903  |  0.731  |  0.716  
  0.693  |  4.910  |  0.693  |  0.693  
  0.739  |  4.917  |  0.739  |  0.739  
  0.677  |  4.924  |  0.670  |  0.685  
  0.677  |  4.931  |  0.670  |  0.685  
  0.708  |  4.938  |  0.708  |  0.708  
  0.677  |  4.945  |  0.677  |  0.677  
  0.693  |  4.952  |  0.685  |  0.700  
  0.708  |  4.959  |  0.708  |  0.708  
  0.724  |  4.966  |  0.724  |  0.724  
  0.739  |  4.973  |  0.739  |  0.739  
  0.693  |  4.980  |  0.693  |  0.693  
  0.693  |  4.987  |  0.693  |  0.693  
  0.693  |  4.994  |  0.685  |  0.700  
  0.693  |  5.001  |  0.685  |  0.700  
  0.693  |  5.008  |  0.693  |  0.693  
  0.647  |  5.015  |  0.639  |  0.654  
  0.754  |  5.022  |  0.754  |  0.754  
  0.662  |  5.029  |  0.662  |  0.662  
  0.724  |  5.036  |  0.731  |  0.716  
  0.693  |  5.043  |  0.700  |  0.685  
  0.708  |  5.050  |  0.700  |  0.716  
  0.724  |  5.057  |  0.724  |  0.724  
  0.677  |  5.064  |  0.677  |  0.677  
  0.677  |  5.071  |  0.670  |  0.685  
  0.708  |  5.078  |  0.708  |  0.708  
  0.677  |  5.085  |  0.677  |  0.677  
  0.708  |  5.092  |  0.700  |  0.716  
  0.739  |  5.099  |  0.739  |  0.739  
  0.693  |  5.106  |  0.693  |  0.693  
  0.662  |  5.119  |  0.670  |  0.654  
  0.739  |  5.127  |  0.739  |  0.739  
  0.677  |  5.134  |  0.670  |  0.685  
  0.724  |  5.141  |  0.724  |  0.724  
  0.662  |  5.147  |  0.670  |  0.654  
  0.724  |  5.155  |  0.731  |  0.716  
  0.647  |  5.161  |  0.654  |  0.639  
  0.770  |  5.169  |  0.770  |  0.770  
  0.662  |  5.175  |  0.662  |  0.662  
  0.770  |  5.183  |  0.770  |  0.770  
  0.647  |  5.190  |  0.647  |  0.647  
  0.754  |  5.197  |  0.754  |  0.754  
  0.708  |  5.204  |  0.708  |  0.708  
  0.708  |  5.211  |  0.708  |  0.708  
  0.647  |  5.218  |  0.647  |  0.647  
  0.708  |  5.225  |  0.700  |  0.716  
  0.693  |  5.232  |  0.693  |  0.693  
  0.724  |  5.239  |  0.724  |  0.724  
  0.693  |  5.246  |  0.700  |  0.685  
  0.739  |  5.253  |  0.739  |  0.739  
  0.662  |  5.260  |  0.670  |  0.654  
  0.708  |  5.267  |  0.708  |  0.708  
  0.693  |  5.274  |  0.685  |  0.700  
  0.662  |  5.281  |  0.654  |  0.670  
  0.708  |  5.288  |  0.708  |  0.708  
  0.693  |  5.295  |  0.685  |  0.700  
  0.708  |  5.302  |  0.708  |  0.708  
  0.754  |  5.309  |  0.754  |  0.754  
  0.662  |  5.316  |  0.670  |  0.654  
  0.724  |  5.323  |  0.724  |  0.724  
  0.677  |  5.337  |  0.677  |  0.677  
  0.724  |  5.344  |  0.724  |  0.724  
  0.677  |  5.351  |  0.685  |  0.670  
  0.708  |  5.358  |  0.708  |  0.708  
  0.724  |  5.365  |  0.731  |  0.716  
  0.677  |  5.372  |  0.677  |  0.677  
  0.724  |  5.379  |  0.731  |  0.716  
  0.677  |  5.386  |  0.670  |  0.685  
  0.724  |  5.393  |  0.724  |  0.724  
  0.677  |  5.400  |  0.677  |  0.677  
  0.724  |  5.407  |  0.716  |  0.731  
  0.677  |  5.414  |  0.685  |  0.670  
  0.708  |  5.421  |  0.716  |  0.700  
  0.693  |  5.428  |  0.693  |  0.693  
  0.724  |  5.435  |  0.724  |  0.724  
  0.693  |  5.442  |  0.685  |  0.700  
  0.693  |  5.449  |  0.693  |  0.693  
  0.662  |  5.456  |  0.662  |  0.662  
  0.739  |  5.463  |  0.739  |  0.739  
  0.708  |  5.470  |  0.708  |  0.708  
  0.662  |  5.477  |  0.662  |  0.662  
  0.739  |  5.484  |  0.739  |  0.739  
  0.677  |  5.491  |  0.677  |  0.677  
  0.708  |  5.498  |  0.708  |  0.708  
  0.739  |  5.505  |  0.747  |  0.731  
  0.662  |  5.512  |  0.662  |  0.662  
  0.739  |  5.519  |  0.739  |  0.739  
  0.662  |  5.526  |  0.662  |  0.662  
  0.724  |  5.533  |  0.716  |  0.731  
  0.677  |  5.540  |  0.677  |  0.677  
  0.677  |  5.547  |  0.670  |  0.685  
  0.724  |  5.554  |  0.724  |  0.724  
  0.693  |  5.561  |  0.693  |  0.693  
  0.693  |  5.568  |  0.700  |  0.685  
  0.754  |  5.575  |  0.754  |  0.754  
  0.724  |  5.583  |  0.724  |  0.724  
  0.677  |  5.596  |  0.677  |  0.677  
  0.724  |  5.604  |  0.724  |  0.724  
  0.677  |  5.610  |  0.685  |  0.670  
  0.724  |  5.618  |  0.724  |  0.724  
  0.693  |  5.625  |  0.693  |  0.693  
  0.724  |  5.632  |  0.724  |  0.724  
  0.677  |  5.639  |  0.677  |  0.677  
  0.708  |  5.646  |  0.700  |  0.716  
  0.677  |  5.652  |  0.677  |  0.677  
  0.693  |  5.659  |  0.685  |  0.700  
  0.693  |  5.666  |  0.693  |  0.693  
  0.739  |  5.674  |  0.739  |  0.739  
  0.647  |  5.680  |  0.647  |  0.647  
  0.677  |  5.687  |  0.670  |  0.685  
  0.754  |  5.694  |  0.754  |  0.754  
  0.693  |  5.701  |  0.700  |  0.685  
  0.693  |  5.708  |  0.693  |  0.693  
  0.708  |  5.715  |  0.716  |  0.700  
  0.693  |  5.722  |  0.685  |  0.700  
  0.708  |  5.729  |  0.700  |  0.716  
  0.662  |  5.736  |  0.670  |  0.654  
  0.724  |  5.743  |  0.724  |  0.724  
  0.677  |  5.750  |  0.670  |  0.685  
  0.693  |  5.757  |  0.693  |  0.693  
  0.708  |  5.764  |  0.700  |  0.716  
  0.708  |  5.771  |  0.708  |  0.708  
  0.677  |  5.778  |  0.685  |  0.670  
  0.754  |  5.785  |  0.762  |  0.747  
  0.677  |  5.792  |  0.677  |  0.677  
  0.693  |  5.799  |  0.693  |  0.693  
  0.693  |  5.806  |  0.693  |  0.693  
  0.677  |  5.813  |  0.670  |  0.685  
  0.708  |  5.820  |  0.708  |  0.708  
  0.724  |  5.827  |  0.724  |  0.724  
  0.677  |  5.834  |  0.670  |  0.685  
  0.770  |  5.842  |  0.770  |  0.770  
  0.677  |  5.855  |  0.670  |  0.685  
  0.677  |  5.855  |  0.670  |  0.685  
  0.677  |  5.869  |  0.685  |  0.670  
  0.677  |  5.869  |  0.685  |  0.670  
  0.693  |  5.883  |  0.693  |  0.693  
  0.647  |  5.890  |  0.647  |  0.647  
  0.724  |  5.897  |  0.724  |  0.724  
  0.724  |  5.904  |  0.716  |  0.731  
  0.724  |  5.911  |  0.724  |  0.724  
  0.677  |  5.918  |  0.670  |  0.685  
  0.677  |  5.925  |  0.677  |  0.677  
  0.724  |  5.932  |  0.724  |  0.724  
  0.677  |  5.939  |  0.677  |  0.677  
  0.724  |  5.946  |  0.731  |  0.716  
  0.693  |  5.953  |  0.693  |  0.693  
  0.724  |  5.960  |  0.724  |  0.724  
  0.677  |  5.967  |  0.677  |  0.677  
  0.724  |  5.974  |  0.724  |  0.724  
  0.677  |  5.981  |  0.685  |  0.670  
  0.724  |  5.988  |  0.724  |  0.724  
  0.677  |  5.995  |  0.677  |  0.677  
  0.724  |  6.002  |  0.731  |  0.716  
  0.677  |  6.009  |  0.677  |  0.677  
  0.724  |  6.016  |  0.724  |  0.724  
  0.677  |  6.023  |  0.677  |  0.677  
  0.708  |  6.030  |  0.708  |  0.708  
  0.708  |  6.037  |  0.708  |  0.708  
  0.739  |  6.045  |  0.739  |  0.739  
  0.662  |  6.051  |  0.662  |  0.662  
  0.693  |  6.058  |  0.700  |  0.685  
  0.677  |  6.065  |  0.670  |  0.685  
  0.739  |  6.072  |  0.731  |  0.747  
  0.693  |  6.079  |  0.700  |  0.685  
  0.693  |  6.086  |  0.693  |  0.693  
  0.708  |  6.093  |  0.708  |  0.708  
  0.724  |  6.101  |  0.716  |  0.731  
  0.662  |  6.107  |  0.662  |  0.662  
  0.693  |  6.121  |  0.693  |  0.693  
  0.708  |  6.128  |  0.708  |  0.708  
  0.708  |  6.135  |  0.716  |  0.700  
  0.693  |  6.142  |  0.693  |  0.693  
  0.708  |  6.149  |  0.700  |  0.716  
  0.724  |  6.156  |  0.724  |  0.724  
  0.677  |  6.163  |  0.685  |  0.670  
  0.754  |  6.171  |  0.754  |  0.754  
  0.662  |  6.177  |  0.662  |  0.662  
  0.739  |  6.185  |  0.739  |  0.739  
  0.708  |  6.192  |  0.716  |  0.700  
  0.677  |  6.199  |  0.677  |  0.677  
  0.708  |  6.206  |  0.708  |  0.708  
  0.693  |  6.213  |  0.693  |  0.693  
  0.677  |  6.219  |  0.685  |  0.670  
  0.708  |  6.226  |  0.700  |  0.716  
  0.708  |  6.233  |  0.708  |  0.708  
  0.677  |  6.240  |  0.677  |  0.677  
  0.662  |  6.247  |  0.670  |  0.654  
  0.739  |  6.254  |  0.747  |  0.731  
  0.662  |  6.261  |  0.654  |  0.670  
  0.708  |  6.268  |  0.708  |  0.708  
  0.724  |  6.275  |  0.724  |  0.724  
  0.708  |  6.282  |  0.700  |  0.716  
  0.693  |  6.289  |  0.693  |  0.693  
  0.693  |  6.296  |  0.693  |  0.693  
  0.677  |  6.303  |  0.685  |  0.670  
  0.724  |  6.310  |  0.724  |  0.724  
  0.708  |  6.317  |  0.700  |  0.716  
  0.662  |  6.331  |  0.654  |  0.670  
  0.708  |  6.338  |  0.708  |  0.708  
  0.724  |  6.345  |  0.724  |  0.724  
  0.724  |  6.352  |  0.724  |  0.724  
  0.693  |  6.359  |  0.693  |  0.693  
  0.708  |  6.366  |  0.708  |  0.708  
  0.693  |  6.373  |  0.693  |  0.693  
  0.708  |  6.380  |  0.708  |  0.708  
  0.677  |  6.387  |  0.670  |  0.685  
  0.693  |  6.394  |  0.700  |  0.685  
  0.677  |  6.401  |  0.685  |  0.670  
  0.724  |  6.408  |  0.731  |  0.716  
  0.693  |  6.415  |  0.693  |  0.693  
  0.724  |  6.422  |  0.724  |  0.724  
  0.647  |  6.429  |  0.639  |  0.654  
  0.724  |  6.436  |  0.724  |  0.724  
  0.739  |  6.443  |  0.739  |  0.739  
  0.677  |  6.450  |  0.677  |  0.677  
  0.724  |  6.457  |  0.724  |  0.724  
  0.677  |  6.464  |  0.677  |  0.677  
  0.708  |  6.471  |  0.708  |  0.708  
  0.724  |  6.478  |  0.724  |  0.724  
  0.677  |  6.485  |  0.685  |  0.670  
  0.693  |  6.492  |  0.693  |  0.693  
  0.693  |  6.499  |  0.685  |  0.700  
  0.677  |  6.506  |  0.677  |  0.677  
  0.693  |  6.513  |  0.700  |  0.685  

received SIGINT Ctrl-C
