CPU Frequency: 1000mhz
starting lcm thread... 
starting setpoint thread... 
starting print thread... 
initializing imu... 
initializing controller...
initializing motors...
initializing odometry...
attaching imu interupt...
we are running!!!

RUNNING...
SENSORS | ODOMETRY |
  X_DOT  |    X    |
  0.000  |  0.000  |  0.000  |  0.000  
  0.000  |  0.000  |  0.000  |  0.000  
  0.169  |  0.002  |  0.162  |  0.177  
  0.277  |  0.005  |  0.277  |  0.277  
  0.308  |  0.008  |  0.308  |  0.308  
  0.339  |  0.011  |  0.346  |  0.331  
  0.323  |  0.015  |  0.323  |  0.323  
  0.308  |  0.018  |  0.316  |  0.300  
  0.354  |  0.021  |  0.354  |  0.354  
  0.339  |  0.025  |  0.346  |  0.331  
  0.323  |  0.028  |  0.331  |  0.316  
  0.339  |  0.031  |  0.346  |  0.331  
  0.323  |  0.034  |  0.323  |  0.323  
  0.354  |  0.038  |  0.362  |  0.346  
  0.292  |  0.041  |  0.285  |  0.300  
  0.354  |  0.044  |  0.354  |  0.354  
  0.308  |  0.048  |  0.316  |  0.300  
  0.354  |  0.051  |  0.354  |  0.354  
  0.323  |  0.054  |  0.331  |  0.316  
  0.354  |  0.058  |  0.354  |  0.354  
  0.308  |  0.061  |  0.316  |  0.300  
  0.339  |  0.064  |  0.339  |  0.339  
  0.339  |  0.068  |  0.339  |  0.339  
  0.339  |  0.071  |  0.346  |  0.331  
  0.339  |  0.075  |  0.339  |  0.339  
  0.308  |  0.078  |  0.308  |  0.308  
  0.354  |  0.081  |  0.354  |  0.354  
  0.308  |  0.084  |  0.316  |  0.300  
  0.339  |  0.088  |  0.346  |  0.331  
  0.339  |  0.091  |  0.339  |  0.339  
  0.323  |  0.094  |  0.323  |  0.323  
  0.339  |  0.098  |  0.339  |  0.339  
  0.339  |  0.101  |  0.339  |  0.339  
  0.339  |  0.104  |  0.339  |  0.339  
  0.323  |  0.108  |  0.331  |  0.316  
  0.323  |  0.114  |  0.316  |  0.331  
  0.339  |  0.117  |  0.346  |  0.331  
  0.323  |  0.121  |  0.331  |  0.316  
  0.339  |  0.124  |  0.346  |  0.331  
  0.339  |  0.127  |  0.331  |  0.346  
  0.323  |  0.131  |  0.323  |  0.323  
  0.339  |  0.134  |  0.346  |  0.331  
  0.323  |  0.137  |  0.323  |  0.323  
  0.339  |  0.141  |  0.346  |  0.331  
  0.339  |  0.144  |  0.339  |  0.339  
  0.339  |  0.147  |  0.346  |  0.331  
  0.323  |  0.151  |  0.323  |  0.323  
  0.339  |  0.154  |  0.346  |  0.331  
  0.323  |  0.157  |  0.323  |  0.323  
  0.339  |  0.161  |  0.339  |  0.339  
  0.308  |  0.164  |  0.316  |  0.300  
  0.354  |  0.167  |  0.354  |  0.354  
  0.323  |  0.171  |  0.323  |  0.323  
  0.339  |  0.174  |  0.346  |  0.331  
  0.339  |  0.177  |  0.339  |  0.339  
  0.354  |  0.181  |  0.354  |  0.354  
  0.308  |  0.184  |  0.308  |  0.308  
  0.339  |  0.187  |  0.331  |  0.346  
  0.323  |  0.191  |  0.331  |  0.316  
  0.339  |  0.194  |  0.346  |  0.331  
  0.323  |  0.197  |  0.331  |  0.316  
  0.339  |  0.201  |  0.331  |  0.346  
  0.323  |  0.204  |  0.323  |  0.323  
  0.339  |  0.207  |  0.346  |  0.331  
  0.323  |  0.210  |  0.331  |  0.316  
  0.354  |  0.214  |  0.362  |  0.346  
  0.308  |  0.217  |  0.300  |  0.316  
  0.354  |  0.221  |  0.354  |  0.354  
  0.323  |  0.224  |  0.331  |  0.316  
  0.339  |  0.227  |  0.339  |  0.339  
  0.323  |  0.230  |  0.323  |  0.323  
  0.354  |  0.234  |  0.354  |  0.354  
  0.323  |  0.237  |  0.331  |  0.316  
  0.323  |  0.240  |  0.323  |  0.323  
  0.339  |  0.244  |  0.339  |  0.339  
  0.323  |  0.247  |  0.323  |  0.323  
  0.339  |  0.250  |  0.339  |  0.339  
  0.339  |  0.254  |  0.339  |  0.339  
  0.339  |  0.257  |  0.346  |  0.331  
  0.292  |  0.263  |  0.300  |  0.285  
  0.292  |  0.263  |  0.300  |  0.285  
  0.323  |  0.270  |  0.323  |  0.323  
  0.354  |  0.274  |  0.354  |  0.354  
  0.323  |  0.277  |  0.316  |  0.331  
  0.339  |  0.280  |  0.339  |  0.339  
  0.323  |  0.284  |  0.331  |  0.316  
  0.339  |  0.287  |  0.346  |  0.331  
  0.323  |  0.290  |  0.331  |  0.316  
  0.339  |  0.294  |  0.331  |  0.346  
  0.323  |  0.297  |  0.323  |  0.323  
  0.339  |  0.300  |  0.346  |  0.331  
  0.323  |  0.303  |  0.331  |  0.316  
  0.339  |  0.307  |  0.346  |  0.308  
  0.323  |  0.313  |  0.316  |  0.331  
  0.369  |  0.317  |  0.369  |  0.369  
  0.339  |  0.320  |  0.339  |  0.339  
  0.323  |  0.323  |  0.331  |  0.316  
  0.339  |  0.327  |  0.339  |  0.339  
  0.308  |  0.330  |  0.316  |  0.300  
  0.339  |  0.333  |  0.346  |  0.331  
  0.308  |  0.336  |  0.316  |  0.300  
  0.339  |  0.340  |  0.339  |  0.339  
  0.339  |  0.343  |  0.346  |  0.331  
  0.354  |  0.347  |  0.354  |  0.354  
  0.354  |  0.350  |  0.354  |  0.354  
  0.323  |  0.353  |  0.323  |  0.323  
  0.323  |  0.357  |  0.331  |  0.316  
  0.323  |  0.360  |  0.323  |  0.323  
  0.354  |  0.363  |  0.362  |  0.346  
  0.323  |  0.367  |  0.323  |  0.323  
  0.339  |  0.370  |  0.339  |  0.339  
  0.323  |  0.373  |  0.323  |  0.323  
  0.339  |  0.377  |  0.346  |  0.331  
  0.354  |  0.380  |  0.354  |  0.354  
  0.323  |  0.383  |  0.323  |  0.323  
  0.339  |  0.387  |  0.346  |  0.331  
  0.308  |  0.390  |  0.316  |  0.300  
  0.339  |  0.393  |  0.339  |  0.339  
  0.323  |  0.396  |  0.323  |  0.323  
  0.323  |  0.400  |  0.323  |  0.323  
  0.339  |  0.403  |  0.339  |  0.339  
  0.354  |  0.407  |  0.354  |  0.354  
  0.339  |  0.410  |  0.339  |  0.339  
  0.339  |  0.413  |  0.339  |  0.339  
  0.308  |  0.416  |  0.316  |  0.300  
  0.308  |  0.423  |  0.316  |  0.300  
  0.339  |  0.426  |  0.339  |  0.339  
  0.339  |  0.426  |  0.339  |  0.339  
  0.369  |  0.430  |  0.369  |  0.369  
  0.292  |  0.436  |  0.292  |  0.292  
  0.339  |  0.440  |  0.331  |  0.346  
  0.339  |  0.443  |  0.346  |  0.331  
  0.339  |  0.447  |  0.339  |  0.339  
  0.323  |  0.450  |  0.323  |  0.323  
  0.339  |  0.453  |  0.339  |  0.339  
  0.339  |  0.457  |  0.339  |  0.339  
  0.339  |  0.460  |  0.331  |  0.346  
  0.308  |  0.463  |  0.308  |  0.308  
  0.339  |  0.466  |  0.346  |  0.331  
  0.323  |  0.470  |  0.323  |  0.323  
  0.339  |  0.473  |  0.339  |  0.339  
  0.339  |  0.476  |  0.339  |  0.339  
  0.323  |  0.480  |  0.323  |  0.323  
  0.339  |  0.483  |  0.346  |  0.331  
  0.354  |  0.487  |  0.354  |  0.354  
  0.308  |  0.490  |  0.316  |  0.300  
  0.339  |  0.493  |  0.346  |  0.331  
  0.323  |  0.496  |  0.323  |  0.323  
  0.354  |  0.500  |  0.354  |  0.354  
  0.323  |  0.503  |  0.323  |  0.323  
  0.339  |  0.506  |  0.339  |  0.339  
  0.323  |  0.510  |  0.331  |  0.316  
  0.339  |  0.513  |  0.346  |  0.331  
  0.323  |  0.516  |  0.316  |  0.331  
  0.339  |  0.520  |  0.339  |  0.339  
  0.308  |  0.523  |  0.300  |  0.316  
  0.354  |  0.526  |  0.362  |  0.346  
  0.323  |  0.530  |  0.323  |  0.323  
  0.339  |  0.533  |  0.339  |  0.339  
  0.323  |  0.536  |  0.331  |  0.316  
  0.323  |  0.539  |  0.331  |  0.316  
  0.339  |  0.543  |  0.339  |  0.339  
  0.354  |  0.546  |  0.354  |  0.354  
  0.339  |  0.550  |  0.346  |  0.331  
  0.308  |  0.553  |  0.316  |  0.300  
  0.308  |  0.559  |  0.316  |  0.300  
  0.308  |  0.559  |  0.316  |  0.300  
  0.323  |  0.566  |  0.323  |  0.323  
  0.339  |  0.569  |  0.331  |  0.346  
  0.323  |  0.573  |  0.323  |  0.323  
  0.339  |  0.576  |  0.346  |  0.331  
  0.339  |  0.579  |  0.346  |  0.331  
  0.354  |  0.583  |  0.354  |  0.354  
  0.323  |  0.586  |  0.323  |  0.323  
  0.339  |  0.590  |  0.339  |  0.339  
  0.323  |  0.593  |  0.323  |  0.323  
  0.339  |  0.596  |  0.339  |  0.339  
  0.323  |  0.599  |  0.323  |  0.323  
  0.339  |  0.603  |  0.339  |  0.339  
  0.323  |  0.606  |  0.323  |  0.323  
  0.354  |  0.610  |  0.362  |  0.346  
  0.308  |  0.613  |  0.308  |  0.308  
  0.354  |  0.616  |  0.354  |  0.354  
  0.308  |  0.619  |  0.316  |  0.300  
  0.354  |  0.623  |  0.354  |  0.354  
  0.339  |  0.626  |  0.331  |  0.346  
  0.339  |  0.630  |  0.339  |  0.339  
  0.308  |  0.633  |  0.316  |  0.300  
  0.369  |  0.636  |  0.369  |  0.369  
  0.308  |  0.639  |  0.308  |  0.308  
  0.339  |  0.643  |  0.346  |  0.331  
  0.323  |  0.646  |  0.331  |  0.316  
  0.354  |  0.650  |  0.354  |  0.354  
  0.323  |  0.653  |  0.323  |  0.323  
  0.354  |  0.656  |  0.346  |  0.362  
  0.292  |  0.659  |  0.300  |  0.285  
  0.369  |  0.663  |  0.369  |  0.370  
  0.308  |  0.666  |  0.300  |  0.316  
  0.354  |  0.670  |  0.354  |  0.354  
  0.323  |  0.673  |  0.331  |  0.316  
  0.339  |  0.676  |  0.346  |  0.331  
  0.354  |  0.680  |  0.354  |  0.354  
  0.339  |  0.683  |  0.339  |  0.339  
  0.308  |  0.686  |  0.316  |  0.300  
  0.339  |  0.690  |  0.339  |  0.339  
  0.323  |  0.693  |  0.331  |  0.316  
  0.339  |  0.696  |  0.339  |  0.339  
  0.339  |  0.700  |  0.331  |  0.346  
  0.339  |  0.703  |  0.339  |  0.339  
  0.339  |  0.706  |  0.339  |  0.339  
  0.339  |  0.710  |  0.339  |  0.339  
  0.323  |  0.713  |  0.323  |  0.323  
  0.323  |  0.716  |  0.331  |  0.316  
  0.308  |  0.723  |  0.316  |  0.300  
  0.323  |  0.726  |  0.323  |  0.323  
  0.354  |  0.730  |  0.354  |  0.354  
  0.354  |  0.733  |  0.362  |  0.346  
  0.323  |  0.736  |  0.323  |  0.323  
  0.323  |  0.740  |  0.316  |  0.331  
  0.339  |  0.743  |  0.339  |  0.339  
  0.339  |  0.746  |  0.339  |  0.339  
  0.339  |  0.750  |  0.339  |  0.339  
  0.323  |  0.753  |  0.331  |  0.316  
  0.308  |  0.756  |  0.316  |  0.300  
  0.369  |  0.760  |  0.369  |  0.369  
  0.354  |  0.763  |  0.354  |  0.354  
  0.323  |  0.766  |  0.323  |  0.323  
  0.323  |  0.770  |  0.323  |  0.323  
  0.339  |  0.773  |  0.346  |  0.331  
  0.323  |  0.776  |  0.323  |  0.323  
  0.339  |  0.780  |  0.339  |  0.339  
  0.339  |  0.783  |  0.339  |  0.339  
  0.323  |  0.786  |  0.331  |  0.316  
  0.339  |  0.790  |  0.339  |  0.338  
  0.308  |  0.793  |  0.316  |  0.300  
  0.354  |  0.796  |  0.354  |  0.354  
  0.323  |  0.800  |  0.316  |  0.331  
  0.354  |  0.803  |  0.362  |  0.346  
  0.308  |  0.806  |  0.308  |  0.308  
  0.369  |  0.810  |  0.369  |  0.369  
  0.308  |  0.813  |  0.316  |  0.300  
  0.323  |  0.816  |  0.323  |  0.323  
  0.339  |  0.819  |  0.331  |  0.346  
  0.323  |  0.823  |  0.331  |  0.316  
  0.339  |  0.826  |  0.339  |  0.339  
  0.354  |  0.830  |  0.362  |  0.346  
  0.323  |  0.833  |  0.323  |  0.323  
  0.354  |  0.836  |  0.362  |  0.346  
  0.323  |  0.843  |  0.323  |  0.324  
  0.323  |  0.843  |  0.323  |  0.324  
  0.323  |  0.850  |  0.323  |  0.323  
  0.339  |  0.853  |  0.339  |  0.339  
  0.323  |  0.856  |  0.331  |  0.316  
  0.339  |  0.860  |  0.331  |  0.346  
  0.323  |  0.863  |  0.331  |  0.316  
  0.354  |  0.866  |  0.354  |  0.354  
  0.339  |  0.870  |  0.346  |  0.331  
  0.323  |  0.873  |  0.323  |  0.323  
  0.339  |  0.876  |  0.346  |  0.331  
  0.323  |  0.880  |  0.323  |  0.323  
  0.354  |  0.883  |  0.354  |  0.354  
  0.323  |  0.886  |  0.323  |  0.323  
  0.339  |  0.890  |  0.339  |  0.339  
  0.323  |  0.893  |  0.331  |  0.316  
  0.339  |  0.896  |  0.339  |  0.339  
  0.323  |  0.900  |  0.323  |  0.323  
  0.339  |  0.903  |  0.339  |  0.339  
  0.339  |  0.906  |  0.339  |  0.339  
  0.339  |  0.910  |  0.346  |  0.331  
  0.292  |  0.913  |  0.292  |  0.292  
  0.354  |  0.916  |  0.354  |  0.354  
  0.354  |  0.920  |  0.354  |  0.354  
  0.339  |  0.923  |  0.339  |  0.339  
  0.323  |  0.926  |  0.323  |  0.323  
  0.339  |  0.930  |  0.346  |  0.331  
  0.323  |  0.933  |  0.323  |  0.323  
  0.354  |  0.936  |  0.354  |  0.354  
  0.323  |  0.940  |  0.331  |  0.316  
  0.354  |  0.943  |  0.354  |  0.354  
  0.308  |  0.946  |  0.308  |  0.308  
  0.354  |  0.950  |  0.354  |  0.354  
  0.308  |  0.953  |  0.308  |  0.308  
  0.323  |  0.956  |  0.316  |  0.331  
  0.339  |  0.960  |  0.346  |  0.331  
  0.339  |  0.963  |  0.346  |  0.331  
  0.308  |  0.970  |  0.308  |  0.308  
  0.308  |  0.970  |  0.308  |  0.308  
  0.323  |  0.976  |  0.331  |  0.316  
  0.339  |  0.980  |  0.346  |  0.331  
  0.323  |  0.983  |  0.316  |  0.331  
  0.339  |  0.986  |  0.339  |  0.339  
  0.339  |  0.990  |  0.339  |  0.339  
  0.323  |  0.993  |  0.331  |  0.316  
  0.339  |  0.996  |  0.339  |  0.339  
  0.339  |  1.000  |  0.346  |  0.331  
  0.354  |  1.003  |  0.354  |  0.354  
  0.339  |  1.007  |  0.331  |  0.346  
  0.308  |  1.010  |  0.316  |  0.300  
  0.339  |  1.013  |  0.339  |  0.339  
  0.308  |  1.016  |  0.316  |  0.300  
  0.354  |  1.020  |  0.354  |  0.354  
  0.339  |  1.023  |  0.339  |  0.339  
  0.339  |  1.026  |  0.339  |  0.339  
  0.323  |  1.030  |  0.331  |  0.316  
  0.339  |  1.033  |  0.346  |  0.331  
  0.323  |  1.036  |  0.323  |  0.323  
  0.354  |  1.040  |  0.354  |  0.354  
  0.308  |  1.043  |  0.308  |  0.308  
  0.369  |  1.047  |  0.369  |  0.369  
  0.308  |  1.050  |  0.308  |  0.308  
  0.369  |  1.053  |  0.369  |  0.369  
  0.308  |  1.056  |  0.308  |  0.308  
  0.354  |  1.060  |  0.354  |  0.354  
  0.308  |  1.063  |  0.316  |  0.300  
  0.369  |  1.067  |  0.369  |  0.369  
  0.308  |  1.070  |  0.308  |  0.308  
  0.354  |  1.073  |  0.362  |  0.346  
  0.323  |  1.076  |  0.323  |  0.323  
  0.354  |  1.080  |  0.354  |  0.354  
  0.323  |  1.083  |  0.323  |  0.323  
  0.339  |  1.087  |  0.339  |  0.339  
  0.339  |  1.090  |  0.346  |  0.331  
  0.339  |  1.093  |  0.339  |  0.339  
  0.308  |  1.096  |  0.308  |  0.308  
  0.354  |  1.100  |  0.362  |  0.346  
  0.339  |  1.106  |  0.339  |  0.339  
  0.339  |  1.110  |  0.339  |  0.339  
  0.339  |  1.113  |  0.339  |  0.339  
  0.323  |  1.116  |  0.316  |  0.331  
  0.339  |  1.120  |  0.346  |  0.331  
  0.339  |  1.123  |  0.339  |  0.339  
  0.354  |  1.127  |  0.354  |  0.354  
  0.308  |  1.130  |  0.316  |  0.300  
  0.369  |  1.133  |  0.369  |  0.369  
  0.323  |  1.137  |  0.323  |  0.323  
  0.339  |  1.140  |  0.339  |  0.339  
  0.323  |  1.143  |  0.331  |  0.316  
  0.339  |  1.147  |  0.339  |  0.339  
  0.339  |  1.150  |  0.339  |  0.339  
  0.339  |  1.153  |  0.339  |  0.339  
  0.323  |  1.157  |  0.323  |  0.323  
  0.339  |  1.160  |  0.346  |  0.331  
  0.323  |  1.163  |  0.323  |  0.323  
  0.354  |  1.167  |  0.354  |  0.354  
  0.308  |  1.170  |  0.308  |  0.308  
  0.354  |  1.173  |  0.362  |  0.346  
  0.308  |  1.176  |  0.308  |  0.308  
  0.354  |  1.180  |  0.354  |  0.354  
  0.323  |  1.183  |  0.323  |  0.323  
  0.369  |  1.187  |  0.369  |  0.369  
  0.323  |  1.190  |  0.331  |  0.316  
  0.339  |  1.194  |  0.339  |  0.339  
  0.323  |  1.197  |  0.331  |  0.316  
  0.323  |  1.200  |  0.331  |  0.316  
  0.354  |  1.204  |  0.354  |  0.354  
  0.323  |  1.207  |  0.323  |  0.323  
  0.323  |  1.210  |  0.323  |  0.323  
  0.339  |  1.213  |  0.331  |  0.346  
  0.354  |  1.217  |  0.354  |  0.354  
  0.323  |  1.220  |  0.323  |  0.323  
  0.339  |  1.223  |  0.339  |  0.339  
  0.323  |  1.230  |  0.323  |  0.323  
  0.339  |  1.233  |  0.339  |  0.339  
  0.339  |  1.237  |  0.339  |  0.339  
  0.323  |  1.240  |  0.331  |  0.316  
  0.339  |  1.243  |  0.339  |  0.339  
  0.339  |  1.247  |  0.346  |  0.331  
  0.339  |  1.250  |  0.331  |  0.346  
  0.308  |  1.253  |  0.316  |  0.300  
  0.323  |  1.256  |  0.331  |  0.316  
  0.339  |  1.260  |  0.331  |  0.346  
  0.323  |  1.263  |  0.316  |  0.331  
  0.339  |  1.266  |  0.346  |  0.331  
  0.339  |  1.270  |  0.339  |  0.339  
  0.369  |  1.274  |  0.377  |  0.362  
  0.323  |  1.277  |  0.323  |  0.323  
  0.323  |  1.280  |  0.331  |  0.316  
  0.339  |  1.283  |  0.339  |  0.339  
  0.354  |  1.287  |  0.354  |  0.354  
  0.323  |  1.290  |  0.331  |  0.316  
  0.339  |  1.293  |  0.339  |  0.339  
  0.323  |  1.297  |  0.331  |  0.316  
  0.339  |  1.300  |  0.339  |  0.339  
  0.308  |  1.303  |  0.308  |  0.308  
  0.323  |  1.306  |  0.316  |  0.331  
  0.354  |  1.310  |  0.362  |  0.346  
  0.354  |  1.313  |  0.354  |  0.354  
  0.323  |  1.317  |  0.331  |  0.316  
  0.323  |  1.323  |  0.323  |  0.323  
  0.323  |  1.323  |  0.323  |  0.323  
  0.323  |  1.330  |  0.323  |  0.323  
  0.339  |  1.333  |  0.346  |  0.331  
  0.308  |  1.336  |  0.300  |  0.316  
  0.354  |  1.340  |  0.354  |  0.354  
  0.323  |  1.343  |  0.323  |  0.323  
  0.354  |  1.347  |  0.354  |  0.354  
  0.323  |  1.350  |  0.323  |  0.323  
  0.339  |  1.353  |  0.346  |  0.331  
  0.323  |  1.357  |  0.323  |  0.323  
  0.354  |  1.360  |  0.354  |  0.354  
  0.339  |  1.363  |  0.346  |  0.331  
  0.323  |  1.367  |  0.323  |  0.323  
  0.339  |  1.370  |  0.339  |  0.339  
  0.308  |  1.373  |  0.300  |  0.316  
  0.354  |  1.377  |  0.354  |  0.354  
  0.323  |  1.380  |  0.331  |  0.316  
  0.354  |  1.383  |  0.354  |  0.354  
  0.308  |  1.387  |  0.316  |  0.300  
  0.354  |  1.390  |  0.354  |  0.355  
  0.323  |  1.393  |  0.323  |  0.323  
  0.354  |  1.397  |  0.354  |  0.354  
  0.323  |  1.400  |  0.323  |  0.323  
  0.339  |  1.403  |  0.331  |  0.346  
  0.308  |  1.406  |  0.316  |  0.300  
  0.339  |  1.410  |  0.346  |  0.331  
  0.323  |  1.413  |  0.323  |  0.323  
  0.354  |  1.417  |  0.354  |  0.354  
  0.323  |  1.420  |  0.331  |  0.316  
  0.323  |  1.423  |  0.323  |  0.323  
  0.339  |  1.426  |  0.339  |  0.339  
  0.339  |  1.430  |  0.339  |  0.339  
  0.323  |  1.436  |  0.323  |  0.323  
  0.354  |  1.440  |  0.354  |  0.354  
  0.354  |  1.440  |  0.354  |  0.354  
  0.308  |  1.446  |  0.316  |  0.300  
  0.354  |  1.450  |  0.354  |  0.354  
  0.323  |  1.453  |  0.323  |  0.323  
  0.339  |  1.456  |  0.346  |  0.331  
  0.308  |  1.460  |  0.308  |  0.308  
  0.354  |  1.463  |  0.354  |  0.354  
  0.339  |  1.466  |  0.339  |  0.339  
  0.354  |  1.470  |  0.362  |  0.346  
  0.308  |  1.473  |  0.308  |  0.308  
  0.354  |  1.477  |  0.354  |  0.354  
  0.323  |  1.480  |  0.323  |  0.323  
  0.339  |  1.483  |  0.346  |  0.331  
  0.323  |  1.486  |  0.316  |  0.331  
  0.339  |  1.490  |  0.346  |  0.331  
  0.339  |  1.493  |  0.339  |  0.339  
  0.339  |  1.497  |  0.346  |  0.331  
  0.323  |  1.500  |  0.316  |  0.331  
  0.354  |  1.503  |  0.354  |  0.354  
  0.308  |  1.506  |  0.316  |  0.300  
  0.354  |  1.510  |  0.354  |  0.354  
  0.339  |  1.513  |  0.339  |  0.339  
  0.354  |  1.517  |  0.362  |  0.346  
  0.292  |  1.520  |  0.300  |  0.285  
  0.339  |  1.523  |  0.339  |  0.339  
  0.323  |  1.526  |  0.331  |  0.316  
  0.354  |  1.530  |  0.354  |  0.354  
  0.339  |  1.533  |  0.339  |  0.339  
  0.323  |  1.536  |  0.323  |  0.323  
  0.339  |  1.540  |  0.339  |  0.339  
  0.354  |  1.543  |  0.354  |  0.354  
  0.308  |  1.546  |  0.316  |  0.300  
  0.354  |  1.550  |  0.362  |  0.346  
  0.308  |  1.553  |  0.308  |  0.308  
  0.323  |  1.556  |  0.316  |  0.331  
  0.339  |  1.560  |  0.346  |  0.331  
  0.354  |  1.563  |  0.362  |  0.346  
  0.354  |  1.567  |  0.354  |  0.354  
  0.323  |  1.570  |  0.323  |  0.323  
  0.308  |  1.573  |  0.316  |  0.300  
  0.354  |  1.576  |  0.354  |  0.354  
  0.308  |  1.583  |  0.316  |  0.300  
  0.339  |  1.586  |  0.346  |  0.331  
  0.339  |  1.590  |  0.339  |  0.339  
  0.323  |  1.593  |  0.323  |  0.323  
  0.339  |  1.596  |  0.339  |  0.339  
  0.339  |  1.600  |  0.331  |  0.346  
  0.308  |  1.603  |  0.300  |  0.316  
  0.354  |  1.606  |  0.354  |  0.354  
  0.323  |  1.609  |  0.323  |  0.323  
  0.354  |  1.613  |  0.362  |  0.346  
  0.323  |  1.616  |  0.331  |  0.316  
  0.339  |  1.620  |  0.346  |  0.331  
  0.323  |  1.623  |  0.323  |  0.323  
  0.354  |  1.626  |  0.354  |  0.354  
  0.339  |  1.630  |  0.346  |  0.331  
  0.323  |  1.633  |  0.323  |  0.323  
  0.323  |  1.636  |  0.323  |  0.323  
  0.354  |  1.640  |  0.354  |  0.354  
  0.339  |  1.643  |  0.339  |  0.339  
  0.339  |  1.646  |  0.346  |  0.331  
  0.308  |  1.649  |  0.308  |  0.308  
  0.354  |  1.653  |  0.354  |  0.354  
  0.323  |  1.656  |  0.323  |  0.323  
  0.354  |  1.660  |  0.354  |  0.354  
  0.339  |  1.663  |  0.339  |  0.339  
  0.323  |  1.666  |  0.331  |  0.316  
  0.339  |  1.670  |  0.339  |  0.339  
  0.339  |  1.673  |  0.346  |  0.331  
  0.323  |  1.676  |  0.323  |  0.323  
  0.339  |  1.680  |  0.339  |  0.339  
  0.354  |  1.683  |  0.354  |  0.354  
  0.339  |  1.687  |  0.339  |  0.339  
  0.308  |  1.690  |  0.316  |  0.300  
  0.354  |  1.693  |  0.354  |  0.354  
  0.308  |  1.700  |  0.300  |  0.316  
  0.323  |  1.703  |  0.323  |  0.323  
  0.339  |  1.706  |  0.339  |  0.339  
  0.354  |  1.710  |  0.354  |  0.354  
  0.339  |  1.713  |  0.339  |  0.339  
  0.323  |  1.716  |  0.331  |  0.316  
  0.323  |  1.719  |  0.331  |  0.316  
  0.339  |  1.723  |  0.339  |  0.339  
  0.339  |  1.726  |  0.339  |  0.339  
  0.339  |  1.730  |  0.339  |  0.339  
  0.339  |  1.733  |  0.346  |  0.331  
  0.339  |  1.736  |  0.339  |  0.339  
  0.339  |  1.740  |  0.339  |  0.339  
  0.339  |  1.743  |  0.339  |  0.339  
  0.323  |  1.746  |  0.323  |  0.323  
  0.339  |  1.750  |  0.346  |  0.331  
  0.323  |  1.753  |  0.323  |  0.323  
  0.323  |  1.756  |  0.316  |  0.331  
  0.339  |  1.759  |  0.339  |  0.339  
  0.323  |  1.763  |  0.331  |  0.316  
  0.354  |  1.766  |  0.354  |  0.354  
  0.323  |  1.769  |  0.331  |  0.316  
  0.339  |  1.773  |  0.339  |  0.339  
  0.339  |  1.776  |  0.346  |  0.331  
  0.308  |  1.779  |  0.316  |  0.300  
  0.339  |  1.783  |  0.339  |  0.339  
  0.354  |  1.786  |  0.354  |  0.354  
  0.339  |  1.790  |  0.339  |  0.339  
  0.323  |  1.793  |  0.323  |  0.323  
  0.308  |  1.796  |  0.316  |  0.300  
  0.354  |  1.799  |  0.346  |  0.362  
  0.339  |  1.803  |  0.339  |  0.339  
  0.323  |  1.806  |  0.331  |  0.316  
  0.323  |  1.809  |  0.323  |  0.323  
  0.354  |  1.813  |  0.362  |  0.346  
  0.339  |  1.816  |  0.339  |  0.339  
  0.323  |  1.819  |  0.323  |  0.323  
  0.323  |  1.826  |  0.323  |  0.323  
  0.354  |  1.829  |  0.362  |  0.346  
  0.339  |  1.833  |  0.339  |  0.339  
  0.339  |  1.836  |  0.339  |  0.339  
  0.323  |  1.839  |  0.331  |  0.316  
  0.323  |  1.843  |  0.331  |  0.316  
  0.323  |  1.846  |  0.323  |  0.323  
  0.339  |  1.849  |  0.331  |  0.346  
  0.323  |  1.852  |  0.323  |  0.323  
  0.339  |  1.856  |  0.331  |  0.346  
  0.339  |  1.859  |  0.346  |  0.331  
  0.323  |  1.862  |  0.331  |  0.316  
  0.354  |  1.866  |  0.362  |  0.346  
  0.323  |  1.869  |  0.323  |  0.323  
  0.354  |  1.873  |  0.354  |  0.354  
  0.308  |  1.876  |  0.300  |  0.316  
  0.308  |  1.879  |  0.308  |  0.308  
  0.339  |  1.882  |  0.331  |  0.346  
  0.354  |  1.886  |  0.362  |  0.346  
  0.292  |  1.888  |  0.300  |  0.285  
  0.369  |  1.892  |  0.377  |  0.362  
  0.339  |  1.896  |  0.339  |  0.339  
  0.308  |  1.899  |  0.308  |  0.308  
  0.339  |  1.902  |  0.339  |  0.339  
  0.339  |  1.905  |  0.346  |  0.331  
  0.323  |  1.912  |  0.323  |  0.323  
  0.339  |  1.915  |  0.346  |  0.331  
  0.354  |  1.919  |  0.346  |  0.362  
  0.308  |  1.922  |  0.316  |  0.300  
  0.354  |  1.925  |  0.354  |  0.354  
  0.323  |  1.929  |  0.323  |  0.323  
  0.354  |  1.932  |  0.346  |  0.362  
  0.308  |  1.935  |  0.316  |  0.300  
  0.354  |  1.939  |  0.362  |  0.346  
  0.308  |  1.942  |  0.316  |  0.300  
  0.354  |  1.945  |  0.346  |  0.362  
  0.339  |  1.949  |  0.339  |  0.339  
  0.339  |  1.952  |  0.339  |  0.339  
  0.339  |  1.955  |  0.346  |  0.331  
  0.323  |  1.959  |  0.331  |  0.316  
  0.339  |  1.962  |  0.339  |  0.339  
  0.339  |  1.965  |  0.339  |  0.339  
  0.339  |  1.969  |  0.339  |  0.339  
  0.323  |  1.972  |  0.331  |  0.316  
  0.339  |  1.975  |  0.339  |  0.339  
  0.323  |  1.979  |  0.316  |  0.331  
  0.339  |  1.982  |  0.339  |  0.339  
  0.339  |  1.985  |  0.339  |  0.339  
  0.339  |  1.989  |  0.346  |  0.331  
  0.323  |  1.992  |  0.331  |  0.316  
  0.339  |  1.995  |  0.339  |  0.339  
  0.339  |  1.999  |  0.339  |  0.339  
  0.339  |  2.002  |  0.339  |  0.339  

received SIGINT Ctrl-C
