CPU Frequency: 1000mhz
starting lcm thread... 
starting setpoint thread... 
starting print thread... 
initializing imu... 
initializing controller...
initializing motors...
initializing odometry...
attaching imu interupt...
we are running!!!

RUNNING...
SENSORS | ODOMETRY |
  X_DOT  |    X    |
  0.000  |  0.000  |  0.000  |  0.000  
  0.000  |  0.000  |  0.000  |  0.000  
  0.000  |  0.000  |  0.000  |  0.000  
  0.062  |  0.001  |  0.062  |  0.062  
  0.123  |  0.002  |  0.123  |  0.123  
 -0.123  |  0.001  | -0.123  | -0.123  
 -0.185  | -0.001  | -0.185  | -0.185  
  0.015  | -0.001  |  0.015  |  0.015  
  0.139  |  0.000  |  0.131  |  0.146  
 -0.416  | -0.003  | -0.416  | -0.415  
 -0.015  | -0.004  | -0.015  | -0.015  
  0.062  | -0.003  |  0.062  |  0.062  
 -0.169  | -0.005  | -0.169  | -0.169  
 -0.216  | -0.007  | -0.216  | -0.215  
  0.000  | -0.007  | -0.000  |  0.000  
  0.139  | -0.005  |  0.139  |  0.138  
  0.046  | -0.005  |  0.038  |  0.054  
 -0.169  | -0.007  | -0.169  | -0.169  
  0.000  | -0.007  | -0.000  |  0.000  
  0.154  | -0.005  |  0.154  |  0.154  
  0.015  | -0.005  |  0.008  |  0.023  
 -0.108  | -0.006  | -0.115  | -0.100  
 -0.062  | -0.007  | -0.069  | -0.054  
  0.092  | -0.006  |  0.093  |  0.092  
  0.062  | -0.005  |  0.069  |  0.054  
 -0.015  | -0.005  | -0.016  | -0.014  
 -0.046  | -0.006  | -0.047  | -0.046  
  0.015  | -0.006  |  0.017  |  0.014  
  0.062  | -0.005  |  0.060  |  0.063  
  0.031  | -0.005  |  0.032  |  0.030  
 -0.015  | -0.005  | -0.017  | -0.014  
  0.000  | -0.005  |  0.000  | -0.000  
  0.092  | -0.004  |  0.092  |  0.093  
  0.077  | -0.003  |  0.077  |  0.077  
  0.000  | -0.003  | -0.000  |  0.000  
  0.000  | -0.003  |  0.000  |  0.000  
  0.092  | -0.002  |  0.092  |  0.092  
  0.108  | -0.001  |  0.100  |  0.115  
  0.031  | -0.001  |  0.023  |  0.038  
  0.015  | -0.001  |  0.023  |  0.008  
  0.092  |  0.000  |  0.100  |  0.085  
  0.123  |  0.002  |  0.123  |  0.124  
  0.092  |  0.002  |  0.092  |  0.092  
  0.031  |  0.003  |  0.030  |  0.031  
  0.062  |  0.003  |  0.061  |  0.062  
  0.154  |  0.005  |  0.154  |  0.154  
  0.123  |  0.006  |  0.115  |  0.131  
  0.062  |  0.007  |  0.054  |  0.069  
  0.139  |  0.009  |  0.146  |  0.131  
  0.185  |  0.011  |  0.185  |  0.185  
  0.108  |  0.012  |  0.108  |  0.108  
  0.046  |  0.012  |  0.046  |  0.047  
  0.123  |  0.013  |  0.115  |  0.131  
  0.216  |  0.016  |  0.215  |  0.216  
  0.169  |  0.017  |  0.169  |  0.169  
  0.062  |  0.018  |  0.069  |  0.054  
  0.077  |  0.019  |  0.069  |  0.085  
  0.216  |  0.021  |  0.215  |  0.216  
  0.216  |  0.023  |  0.208  |  0.223  
  0.123  |  0.024  |  0.115  |  0.131  
  0.092  |  0.025  |  0.100  |  0.085  
  0.185  |  0.027  |  0.185  |  0.185  
  0.246  |  0.029  |  0.247  |  0.246  
  0.154  |  0.031  |  0.154  |  0.154  
  0.123  |  0.032  |  0.115  |  0.131  
  0.169  |  0.034  |  0.162  |  0.177  
  0.262  |  0.036  |  0.262  |  0.262  
  0.216  |  0.039  |  0.216  |  0.216  
  0.123  |  0.040  |  0.131  |  0.115  
  0.154  |  0.041  |  0.154  |  0.154  
  0.246  |  0.044  |  0.239  |  0.254  
  0.262  |  0.046  |  0.254  |  0.269  
  0.200  |  0.048  |  0.200  |  0.200  
  0.139  |  0.050  |  0.139  |  0.139  
  0.216  |  0.052  |  0.208  |  0.223  
  0.277  |  0.055  |  0.277  |  0.277  
  0.262  |  0.057  |  0.262  |  0.262  
  0.154  |  0.059  |  0.146  |  0.162  
  0.200  |  0.061  |  0.200  |  0.200  
  0.277  |  0.064  |  0.277  |  0.277  
  0.277  |  0.066  |  0.269  |  0.285  
  0.231  |  0.069  |  0.223  |  0.239  
  0.185  |  0.071  |  0.192  |  0.177  
  0.277  |  0.076  |  0.269  |  0.285  
  0.277  |  0.076  |  0.269  |  0.285  
  0.000  |  0.079  | -0.000  |  0.000  
  0.216  |  0.081  |  0.208  |  0.223  
  0.246  |  0.084  |  0.254  |  0.239  
  0.000  |  0.084  |  0.000  | -0.000  
 -0.108  |  0.083  | -0.109  | -0.107  
  0.062  |  0.083  |  0.054  |  0.069  
  0.169  |  0.085  |  0.170  |  0.169  
  0.062  |  0.086  |  0.058  |  0.065  
 -1.324  |  0.072  | -1.322  | -1.326  
 -0.015  |  0.072  | -0.016  | -0.015  
  0.092  |  0.073  |  0.091  |  0.093  
 -0.015  |  0.073  | -0.008  | -0.023  
  0.154  |  0.075  |  0.154  |  0.154  
  0.231  |  0.077  |  0.231  |  0.231  
  0.046  |  0.077  |  0.046  |  0.046  
 -0.092  |  0.076  | -0.094  | -0.091  
 -0.046  |  0.076  | -0.046  | -0.046  
 -0.739  |  0.068  | -0.738  | -0.740  
  0.139  |  0.070  |  0.139  |  0.138  
  0.169  |  0.072  |  0.168  |  0.170  
  0.062  |  0.072  |  0.061  |  0.062  
  0.246  |  0.075  |  0.245  |  0.247  
  0.292  |  0.078  |  0.294  |  0.291  
  0.077  |  0.078  |  0.069  |  0.085  
 -0.092  |  0.077  | -0.100  | -0.085  
  0.000  |  0.077  |  0.008  | -0.008  
  0.108  |  0.079  |  0.115  |  0.100  
  0.031  |  0.079  |  0.038  |  0.023  
 -0.108  |  0.078  | -0.100  | -0.115  
 -0.123  |  0.077  | -0.122  | -0.124  
 -0.015  |  0.076  | -0.015  | -0.015  
  0.000  |  0.076  |  0.008  | -0.008  
 -0.092  |  0.075  | -0.085  | -0.100  
 -0.554  |  0.070  | -0.555  | -0.553  
 -0.077  |  0.069  | -0.075  | -0.078  
  0.046  |  0.070  |  0.038  |  0.054  
 -0.139  |  0.068  | -0.146  | -0.131  
 -0.185  |  0.066  | -0.186  | -0.184  
  0.169  |  0.068  |  0.169  |  0.169  
  0.015  |  0.069  |  0.015  |  0.015  
 -0.108  |  0.068  | -0.115  | -0.100  
  0.000  |  0.068  |  0.001  | -0.001  
  0.154  |  0.069  |  0.152  |  0.156  
  0.123  |  0.070  |  0.122  |  0.125  
  0.000  |  0.070  | -0.000  |  0.000  
  0.000  |  0.070  |  0.000  | -0.000  
  0.123  |  0.072  |  0.122  |  0.124  
  0.154  |  0.073  |  0.153  |  0.155  
  0.062  |  0.074  |  0.061  |  0.062  
  0.015  |  0.074  |  0.015  |  0.015  
  0.123  |  0.075  |  0.124  |  0.123  
  0.185  |  0.077  |  0.184  |  0.185  
  0.108  |  0.078  |  0.108  |  0.108  
  0.031  |  0.078  |  0.030  |  0.032  
  0.092  |  0.079  |  0.092  |  0.093  
  0.231  |  0.082  |  0.231  |  0.231  
  0.154  |  0.083  |  0.154  |  0.154  
  0.046  |  0.084  |  0.046  |  0.046  
  0.092  |  0.085  |  0.092  |  0.093  
  0.216  |  0.087  |  0.216  |  0.215  
  0.200  |  0.089  |  0.200  |  0.200  
  0.031  |  0.089  |  0.031  |  0.030  
  0.108  |  0.090  |  0.107  |  0.108  
  0.262  |  0.093  |  0.262  |  0.261  
  0.231  |  0.095  |  0.230  |  0.231  
  0.077  |  0.096  |  0.077  |  0.077  
  0.092  |  0.097  |  0.092  |  0.092  
  0.231  |  0.099  |  0.231  |  0.231  
  0.277  |  0.102  |  0.277  |  0.277  
  0.169  |  0.103  |  0.168  |  0.170  
  0.077  |  0.104  |  0.077  |  0.077  
  0.169  |  0.106  |  0.169  |  0.170  
  0.292  |  0.109  |  0.293  |  0.292  
  0.246  |  0.111  |  0.246  |  0.246  
  0.123  |  0.113  |  0.122  |  0.124  
  0.154  |  0.114  |  0.154  |  0.154  
  0.277  |  0.119  |  0.278  |  0.277  
  0.200  |  0.121  |  0.199  |  0.201  
  0.169  |  0.123  |  0.169  |  0.169  
  0.216  |  0.125  |  0.216  |  0.215  
  0.292  |  0.128  |  0.292  |  0.293  
 -0.200  |  0.126  | -0.200  | -0.200  
  0.216  |  0.128  |  0.215  |  0.216  
  0.246  |  0.131  |  0.246  |  0.246  
  0.015  |  0.131  |  0.015  |  0.015  
 -0.015  |  0.131  | -0.016  | -0.015  
  0.169  |  0.132  |  0.170  |  0.168  
  0.262  |  0.135  |  0.262  |  0.262  
  0.123  |  0.136  |  0.122  |  0.124  
  0.015  |  0.136  |  0.008  |  0.023  
  0.092  |  0.137  |  0.085  |  0.100  
  0.231  |  0.140  |  0.223  |  0.239  
  0.169  |  0.141  |  0.177  |  0.162  
  0.092  |  0.142  |  0.100  |  0.085  
  0.092  |  0.143  |  0.092  |  0.092  
  0.185  |  0.145  |  0.184  |  0.185  
  0.200  |  0.147  |  0.192  |  0.208  
  0.154  |  0.149  |  0.155  |  0.153  
  0.077  |  0.149  |  0.085  |  0.069  
  0.154  |  0.151  |  0.146  |  0.162  
  0.216  |  0.153  |  0.208  |  0.223  
  0.216  |  0.155  |  0.223  |  0.208  
  0.123  |  0.156  |  0.123  |  0.123  
  0.123  |  0.158  |  0.123  |  0.123  
  0.169  |  0.159  |  0.162  |  0.177  
  0.262  |  0.162  |  0.262  |  0.262  
  0.200  |  0.164  |  0.208  |  0.192  
  0.123  |  0.165  |  0.123  |  0.123  
  0.139  |  0.167  |  0.131  |  0.146  
  0.277  |  0.169  |  0.277  |  0.277  
  0.246  |  0.172  |  0.246  |  0.246  
  0.154  |  0.173  |  0.146  |  0.162  
  0.231  |  0.177  |  0.231  |  0.231  
  0.292  |  0.180  |  0.300  |  0.285  
  0.216  |  0.182  |  0.216  |  0.216  
  0.154  |  0.184  |  0.146  |  0.162  
  0.216  |  0.186  |  0.216  |  0.216  
  0.277  |  0.189  |  0.277  |  0.277  
  0.262  |  0.191  |  0.262  |  0.262  
  0.216  |  0.193  |  0.223  |  0.208  
  0.185  |  0.195  |  0.185  |  0.185  
  0.277  |  0.198  |  0.269  |  0.285  
  0.277  |  0.201  |  0.277  |  0.277  
  0.262  |  0.203  |  0.269  |  0.254  
  0.216  |  0.205  |  0.216  |  0.216  
  0.231  |  0.208  |  0.223  |  0.239  
  0.308  |  0.211  |  0.308  |  0.308  
  0.277  |  0.214  |  0.285  |  0.269  
  0.246  |  0.216  |  0.239  |  0.254  
  0.231  |  0.218  |  0.231  |  0.231  
  0.323  |  0.222  |  0.323  |  0.323  
  0.292  |  0.225  |  0.285  |  0.300  
  0.262  |  0.227  |  0.262  |  0.262  
  0.262  |  0.230  |  0.262  |  0.262  
  0.308  |  0.233  |  0.316  |  0.300  
  0.308  |  0.236  |  0.308  |  0.308  
  0.292  |  0.239  |  0.285  |  0.300  
  0.277  |  0.242  |  0.277  |  0.277  
  0.308  |  0.245  |  0.316  |  0.300  
  0.308  |  0.248  |  0.308  |  0.308  
  0.323  |  0.251  |  0.323  |  0.323  
  0.277  |  0.254  |  0.269  |  0.285  
  0.323  |  0.257  |  0.331  |  0.316  
  0.323  |  0.260  |  0.331  |  0.316  
  0.339  |  0.264  |  0.331  |  0.346  
  0.308  |  0.267  |  0.300  |  0.316  
  0.277  |  0.270  |  0.285  |  0.269  
  0.354  |  0.273  |  0.354  |  0.354  
  0.354  |  0.277  |  0.354  |  0.354  
  0.292  |  0.283  |  0.292  |  0.292  
  0.292  |  0.283  |  0.292  |  0.292  
  0.354  |  0.290  |  0.354  |  0.354  
  0.354  |  0.294  |  0.354  |  0.354  
  0.323  |  0.297  |  0.331  |  0.316  
  0.339  |  0.300  |  0.331  |  0.346  
  0.369  |  0.304  |  0.362  |  0.377  
  0.354  |  0.308  |  0.362  |  0.346  
  0.354  |  0.311  |  0.362  |  0.346  
  0.369  |  0.315  |  0.369  |  0.369  
  0.354  |  0.318  |  0.346  |  0.362  
  0.369  |  0.322  |  0.369  |  0.369  
  0.385  |  0.326  |  0.385  |  0.385  
  0.354  |  0.329  |  0.354  |  0.354  
  0.354  |  0.333  |  0.362  |  0.346  
  0.400  |  0.337  |  0.400  |  0.400  
  0.416  |  0.341  |  0.416  |  0.416  
  0.339  |  0.344  |  0.339  |  0.339  
  0.369  |  0.348  |  0.369  |  0.369  
  0.385  |  0.352  |  0.393  |  0.377  
  0.416  |  0.356  |  0.416  |  0.416  
  0.400  |  0.360  |  0.393  |  0.408  
  0.369  |  0.364  |  0.362  |  0.377  
  0.369  |  0.368  |  0.377  |  0.362  
  0.431  |  0.372  |  0.439  |  0.423  
  0.385  |  0.376  |  0.385  |  0.385  
  0.416  |  0.380  |  0.415  |  0.416  
  0.431  |  0.384  |  0.431  |  0.431  
  0.385  |  0.388  |  0.377  |  0.393  
  0.369  |  0.392  |  0.362  |  0.377  
  0.431  |  0.396  |  0.439  |  0.423  
  0.431  |  0.400  |  0.439  |  0.423  
  0.416  |  0.405  |  0.408  |  0.423  
  0.416  |  0.413  |  0.423  |  0.408  
  0.446  |  0.417  |  0.446  |  0.446  
  0.431  |  0.421  |  0.431  |  0.431  
  0.431  |  0.426  |  0.431  |  0.431  
  0.446  |  0.430  |  0.446  |  0.446  
  0.385  |  0.434  |  0.385  |  0.385  
  0.446  |  0.438  |  0.439  |  0.454  
  0.431  |  0.443  |  0.439  |  0.423  
  0.446  |  0.447  |  0.454  |  0.439  
  0.477  |  0.452  |  0.478  |  0.477  
  0.431  |  0.456  |  0.431  |  0.431  
  0.385  |  0.460  |  0.377  |  0.393  
  0.400  |  0.464  |  0.400  |  0.400  
  0.539  |  0.469  |  0.539  |  0.539  
  0.493  |  0.474  |  0.493  |  0.493  
  0.369  |  0.478  |  0.369  |  0.369  
  0.400  |  0.482  |  0.400  |  0.400  
  0.508  |  0.487  |  0.508  |  0.508  
  0.523  |  0.492  |  0.523  |  0.523  
  0.416  |  0.497  |  0.416  |  0.416  
  0.416  |  0.501  |  0.416  |  0.416  
  0.477  |  0.505  |  0.477  |  0.477  
  0.493  |  0.510  |  0.493  |  0.493  
  0.462  |  0.515  |  0.454  |  0.470  
  0.431  |  0.519  |  0.431  |  0.431  
  0.477  |  0.524  |  0.485  |  0.470  
  0.477  |  0.529  |  0.485  |  0.470  
  0.508  |  0.534  |  0.508  |  0.508  
  0.462  |  0.539  |  0.454  |  0.470  
  0.431  |  0.543  |  0.423  |  0.439  
  0.493  |  0.548  |  0.493  |  0.493  
  0.493  |  0.553  |  0.493  |  0.493  
  0.493  |  0.558  |  0.500  |  0.485  
  0.477  |  0.562  |  0.477  |  0.477  
  0.462  |  0.567  |  0.462  |  0.462  
  0.462  |  0.577  |  0.462  |  0.462  
  0.462  |  0.577  |  0.462  |  0.462  
  0.462  |  0.587  |  0.462  |  0.462  
  0.539  |  0.592  |  0.539  |  0.539  
  0.493  |  0.597  |  0.493  |  0.493  
  0.508  |  0.602  |  0.516  |  0.500  
  0.446  |  0.606  |  0.446  |  0.446  
  0.554  |  0.612  |  0.554  |  0.554  
  0.508  |  0.617  |  0.500  |  0.516  
  0.493  |  0.622  |  0.493  |  0.493  
  0.477  |  0.627  |  0.485  |  0.470  
  0.508  |  0.632  |  0.508  |  0.508  
  0.508  |  0.637  |  0.500  |  0.516  
  0.508  |  0.642  |  0.508  |  0.508  
  0.523  |  0.647  |  0.531  |  0.516  
  0.523  |  0.652  |  0.523  |  0.523  
  0.508  |  0.658  |  0.500  |  0.516  
  0.508  |  0.663  |  0.508  |  0.508  
  0.523  |  0.668  |  0.531  |  0.516  
  0.539  |  0.673  |  0.539  |  0.539  
  0.508  |  0.678  |  0.500  |  0.516  
  0.493  |  0.683  |  0.493  |  0.493  
  0.523  |  0.688  |  0.531  |  0.516  
  0.539  |  0.694  |  0.546  |  0.531  
  0.539  |  0.699  |  0.539  |  0.539  
  0.508  |  0.704  |  0.508  |  0.508  
  0.523  |  0.710  |  0.516  |  0.531  
  0.508  |  0.715  |  0.508  |  0.508  
  0.539  |  0.720  |  0.546  |  0.531  
  0.554  |  0.726  |  0.554  |  0.554  
  0.523  |  0.731  |  0.516  |  0.531  
  0.508  |  0.736  |  0.500  |  0.516  
  0.554  |  0.741  |  0.554  |  0.554  
  0.554  |  0.747  |  0.562  |  0.546  
  0.508  |  0.752  |  0.508  |  0.508  
  0.523  |  0.757  |  0.531  |  0.516  
  0.554  |  0.763  |  0.546  |  0.562  
  0.616  |  0.769  |  0.616  |  0.616  
  0.508  |  0.774  |  0.508  |  0.508  
  0.539  |  0.784  |  0.531  |  0.546  
  0.585  |  0.790  |  0.585  |  0.585  
  0.600  |  0.796  |  0.608  |  0.593  
  0.523  |  0.801  |  0.523  |  0.523  
  0.462  |  0.806  |  0.454  |  0.470  
  0.554  |  0.811  |  0.554  |  0.554  
  0.585  |  0.817  |  0.577  |  0.593  
  0.554  |  0.823  |  0.554  |  0.554  
  0.446  |  0.827  |  0.447  |  0.446  
  0.493  |  0.832  |  0.492  |  0.493  
  0.523  |  0.837  |  0.523  |  0.524  
  0.493  |  0.842  |  0.492  |  0.493  
  0.493  |  0.847  |  0.492  |  0.493  
  0.462  |  0.852  |  0.462  |  0.462  
  0.462  |  0.857  |  0.462  |  0.462  
  0.462  |  0.861  |  0.462  |  0.462  
  0.462  |  0.866  |  0.462  |  0.462  
  0.493  |  0.871  |  0.493  |  0.492  
  0.462  |  0.875  |  0.454  |  0.470  
  0.431  |  0.880  |  0.423  |  0.439  
  0.462  |  0.884  |  0.470  |  0.454  
  0.477  |  0.889  |  0.477  |  0.478  
  0.446  |  0.894  |  0.454  |  0.439  
  0.431  |  0.898  |  0.439  |  0.423  
  0.493  |  0.903  |  0.493  |  0.493  
  0.477  |  0.908  |  0.477  |  0.477  
  0.477  |  0.912  |  0.485  |  0.470  
  0.416  |  0.916  |  0.416  |  0.416  
  0.431  |  0.921  |  0.423  |  0.439  
  0.493  |  0.926  |  0.492  |  0.493  
  0.493  |  0.931  |  0.492  |  0.493  
  0.462  |  0.935  |  0.462  |  0.462  
  0.462  |  0.940  |  0.462  |  0.462  
  0.462  |  0.944  |  0.462  |  0.462  
  0.462  |  0.949  |  0.462  |  0.462  
  0.508  |  0.954  |  0.508  |  0.508  
  0.462  |  0.959  |  0.462  |  0.462  
  0.462  |  0.963  |  0.462  |  0.462  
  0.477  |  0.973  |  0.477  |  0.478  
  0.446  |  0.978  |  0.446  |  0.447  
  0.523  |  0.983  |  0.523  |  0.523  
  0.493  |  0.988  |  0.492  |  0.493  
  0.477  |  0.992  |  0.477  |  0.477  
  0.446  |  0.997  |  0.446  |  0.447  
  0.523  |  1.002  |  0.523  |  0.524  
  0.508  |  1.007  |  0.508  |  0.508  
  0.493  |  1.012  |  0.493  |  0.492  
  0.462  |  1.017  |  0.462  |  0.462  
  0.508  |  1.022  |  0.508  |  0.508  
  0.493  |  1.027  |  0.492  |  0.493  
  0.523  |  1.032  |  0.523  |  0.523  
  0.477  |  1.037  |  0.477  |  0.477  
  0.508  |  1.042  |  0.508  |  0.508  
  0.493  |  1.047  |  0.492  |  0.493  
  0.523  |  1.052  |  0.523  |  0.524  
  0.508  |  1.057  |  0.508  |  0.508  
  0.477  |  1.062  |  0.477  |  0.477  
  0.477  |  1.067  |  0.477  |  0.477  
  0.554  |  1.072  |  0.554  |  0.554  
  0.554  |  1.078  |  0.554  |  0.554  
  0.477  |  1.083  |  0.477  |  0.477  
  0.493  |  1.087  |  0.493  |  0.493  
  0.508  |  1.093  |  0.508  |  0.508  
  0.585  |  1.098  |  0.585  |  0.585  
  0.477  |  1.103  |  0.477  |  0.477  
  0.523  |  1.108  |  0.523  |  0.524  
  0.493  |  1.113  |  0.492  |  0.493  
  0.554  |  1.119  |  0.554  |  0.554  
  0.570  |  1.125  |  0.569  |  0.570  
  0.462  |  1.129  |  0.462  |  0.462  
  0.508  |  1.134  |  0.508  |  0.508  
  0.570  |  1.140  |  0.570  |  0.570  
  0.539  |  1.145  |  0.539  |  0.539  
  0.523  |  1.151  |  0.523  |  0.523  
  0.493  |  1.161  |  0.493  |  0.493  
  0.554  |  1.166  |  0.554  |  0.555  
  0.570  |  1.172  |  0.570  |  0.570  
  0.539  |  1.177  |  0.539  |  0.539  
  0.493  |  1.182  |  0.493  |  0.493  
  0.539  |  1.188  |  0.539  |  0.539  
  0.600  |  1.194  |  0.600  |  0.600  
  0.523  |  1.199  |  0.523  |  0.523  
  0.493  |  1.204  |  0.493  |  0.492  
  0.570  |  1.210  |  0.569  |  0.570  
  0.570  |  1.215  |  0.570  |  0.569  
  0.539  |  1.221  |  0.539  |  0.539  
  0.523  |  1.226  |  0.524  |  0.523  
  0.539  |  1.231  |  0.538  |  0.539  
  0.585  |  1.237  |  0.585  |  0.585  
  0.554  |  1.243  |  0.554  |  0.554  
  0.570  |  1.248  |  0.570  |  0.570  
  0.523  |  1.254  |  0.523  |  0.524  
  0.570  |  1.259  |  0.569  |  0.570  
  0.523  |  1.264  |  0.523  |  0.524  
  0.616  |  1.271  |  0.616  |  0.616  
  0.539  |  1.276  |  0.539  |  0.539  
  0.585  |  1.282  |  0.585  |  0.585  
  0.523  |  1.287  |  0.523  |  0.524  
  0.600  |  1.293  |  0.600  |  0.600  
  0.539  |  1.298  |  0.539  |  0.539  
  0.600  |  1.304  |  0.600  |  0.600  
  0.539  |  1.310  |  0.539  |  0.538  
  0.585  |  1.316  |  0.585  |  0.585  
  0.554  |  1.321  |  0.554  |  0.554  
  0.585  |  1.327  |  0.585  |  0.585  
  0.554  |  1.333  |  0.554  |  0.554  
  0.616  |  1.339  |  0.616  |  0.616  
  0.523  |  1.344  |  0.524  |  0.523  
  0.554  |  1.350  |  0.554  |  0.554  
  0.616  |  1.356  |  0.616  |  0.616  
  0.600  |  1.362  |  0.601  |  0.600  
  0.523  |  1.367  |  0.523  |  0.524  
  0.585  |  1.379  |  0.585  |  0.585  
  0.585  |  1.385  |  0.585  |  0.585  
  0.570  |  1.390  |  0.570  |  0.569  
  0.585  |  1.396  |  0.585  |  0.585  
  0.585  |  1.402  |  0.585  |  0.585  
  0.585  |  1.408  |  0.585  |  0.585  
  0.570  |  1.413  |  0.570  |  0.569  
  0.616  |  1.420  |  0.616  |  0.616  
  0.554  |  1.425  |  0.554  |  0.554  
  0.616  |  1.431  |  0.616  |  0.616  
  0.585  |  1.437  |  0.585  |  0.585  
  0.585  |  1.443  |  0.585  |  0.585  
  0.570  |  1.449  |  0.569  |  0.570  
  0.585  |  1.455  |  0.585  |  0.585  
  0.616  |  1.461  |  0.616  |  0.616  
  0.616  |  1.467  |  0.616  |  0.616  
  0.554  |  1.472  |  0.554  |  0.554  
  0.554  |  1.478  |  0.554  |  0.554  
  0.631  |  1.484  |  0.631  |  0.631  
  0.647  |  1.491  |  0.646  |  0.647  
  0.554  |  1.496  |  0.554  |  0.554  
  0.570  |  1.502  |  0.569  |  0.570  
  0.585  |  1.508  |  0.585  |  0.585  
  0.631  |  1.514  |  0.631  |  0.631  
  0.600  |  1.520  |  0.600  |  0.600  
  0.585  |  1.526  |  0.585  |  0.585  
  0.600  |  1.532  |  0.600  |  0.600  
  0.616  |  1.538  |  0.616  |  0.616  
  0.600  |  1.544  |  0.600  |  0.601  
  0.600  |  1.550  |  0.600  |  0.600  
  0.570  |  1.556  |  0.569  |  0.570  
  0.600  |  1.562  |  0.600  |  0.601  
  0.647  |  1.568  |  0.646  |  0.647  
  0.647  |  1.575  |  0.646  |  0.647  
  0.554  |  1.580  |  0.554  |  0.554  
  0.570  |  1.586  |  0.570  |  0.570  
  0.631  |  1.592  |  0.631  |  0.631  
  0.554  |  1.604  |  0.554  |  0.554  
  0.631  |  1.610  |  0.631  |  0.632  
  0.616  |  1.617  |  0.616  |  0.616  
  0.647  |  1.623  |  0.646  |  0.647  
  0.554  |  1.629  |  0.554  |  0.554  
  0.631  |  1.635  |  0.631  |  0.631  
  0.631  |  1.641  |  0.631  |  0.631  
  0.616  |  1.647  |  0.616  |  0.616  
  0.616  |  1.654  |  0.616  |  0.616  
  0.600  |  1.660  |  0.600  |  0.600  
  0.600  |  1.666  |  0.600  |  0.600  
  0.647  |  1.672  |  0.646  |  0.647  
  0.616  |  1.678  |  0.616  |  0.616  
  0.585  |  1.684  |  0.585  |  0.585  
  0.585  |  1.690  |  0.585  |  0.585  
  0.693  |  1.697  |  0.692  |  0.693  
  0.616  |  1.703  |  0.616  |  0.616  
  0.600  |  1.709  |  0.600  |  0.600  
  0.600  |  1.715  |  0.600  |  0.601  
  0.616  |  1.721  |  0.616  |  0.616  
  0.662  |  1.728  |  0.662  |  0.662  
  0.600  |  1.734  |  0.600  |  0.600  
  0.631  |  1.740  |  0.631  |  0.631  
  0.616  |  1.746  |  0.616  |  0.616  
  0.647  |  1.753  |  0.646  |  0.647  
  0.631  |  1.759  |  0.631  |  0.631  
  0.570  |  1.765  |  0.570  |  0.569  
  0.616  |  1.771  |  0.615  |  0.616  
  0.662  |  1.777  |  0.662  |  0.662  
  0.677  |  1.784  |  0.677  |  0.677  
  0.585  |  1.790  |  0.585  |  0.585  
  0.600  |  1.796  |  0.600  |  0.601  
  0.616  |  1.802  |  0.616  |  0.616  
  0.677  |  1.809  |  0.677  |  0.677  
  0.662  |  1.816  |  0.662  |  0.662  
  0.570  |  1.827  |  0.569  |  0.570  
  0.662  |  1.834  |  0.662  |  0.662  
  0.677  |  1.841  |  0.677  |  0.678  
  0.662  |  1.847  |  0.662  |  0.662  
  0.539  |  1.853  |  0.546  |  0.531  
  0.585  |  1.858  |  0.593  |  0.577  
  0.631  |  1.865  |  0.631  |  0.632  
  0.570  |  1.870  |  0.570  |  0.569  
  0.539  |  1.876  |  0.539  |  0.539  
  0.493  |  1.881  |  0.493  |  0.492  
  0.462  |  1.885  |  0.461  |  0.462  
  0.600  |  1.891  |  0.600  |  0.600  
  0.508  |  1.896  |  0.508  |  0.508  
  0.462  |  1.901  |  0.462  |  0.462  
  0.385  |  1.905  |  0.385  |  0.385  
  0.539  |  1.910  |  0.538  |  0.539  
  0.508  |  1.915  |  0.508  |  0.508  
  0.385  |  1.919  |  0.384  |  0.385  
  0.369  |  1.923  |  0.369  |  0.370  
  0.416  |  1.927  |  0.415  |  0.416  
  0.462  |  1.932  |  0.454  |  0.470  
  0.400  |  1.936  |  0.399  |  0.401  
  0.339  |  1.939  |  0.340  |  0.338  
  0.369  |  1.943  |  0.369  |  0.370  
  0.400  |  1.947  |  0.400  |  0.400  
  0.431  |  1.951  |  0.431  |  0.431  
  0.385  |  1.955  |  0.385  |  0.385  
  0.308  |  1.958  |  0.308  |  0.308  
  0.369  |  1.962  |  0.369  |  0.370  
  0.431  |  1.966  |  0.431  |  0.431  
  0.369  |  1.970  |  0.369  |  0.370  
  0.323  |  1.973  |  0.323  |  0.323  
  0.354  |  1.977  |  0.354  |  0.354  
  0.416  |  1.981  |  0.415  |  0.416  
  0.323  |  1.988  |  0.323  |  0.323  
  0.323  |  1.988  |  0.323  |  0.323  
  0.385  |  1.995  |  0.385  |  0.385  
  0.400  |  1.999  |  0.400  |  0.400  
  0.339  |  2.003  |  0.338  |  0.339  
  0.369  |  2.006  |  0.369  |  0.369  
  0.339  |  2.010  |  0.338  |  0.339  
  0.431  |  2.014  |  0.431  |  0.431  
  0.385  |  2.018  |  0.385  |  0.385  
  0.369  |  2.021  |  0.370  |  0.369  
  0.339  |  2.025  |  0.338  |  0.339  
  0.416  |  2.029  |  0.416  |  0.416  
  0.400  |  2.033  |  0.400  |  0.401  
  0.354  |  2.037  |  0.354  |  0.354  
  0.354  |  2.040  |  0.354  |  0.354  
  0.416  |  2.044  |  0.415  |  0.416  
  0.446  |  2.049  |  0.446  |  0.446  
  1.139  |  2.060  |  1.139  |  1.139  
  0.246  |  2.063  |  0.246  |  0.247  
  0.108  |  2.064  |  0.108  |  0.108  
  0.139  |  2.065  |  0.139  |  0.138  
 -0.062  |  2.064  | -0.062  | -0.061  
 -0.169  |  2.063  | -0.169  | -0.169  
 -0.046  |  2.062  | -0.046  | -0.046  
  0.369  |  2.066  |  0.369  |  0.370  
  0.000  |  2.066  |  0.000  | -0.000  
 -0.062  |  2.065  | -0.062  | -0.061  
  0.154  |  2.067  |  0.154  |  0.154  
  0.246  |  2.069  |  0.239  |  0.254  
  0.046  |  2.070  |  0.045  |  0.048  
 -0.108  |  2.069  | -0.108  | -0.107  
  0.000  |  2.069  |  0.003  | -0.003  
  0.154  |  2.070  |  0.153  |  0.155  
  0.077  |  2.071  |  0.075  |  0.079  
 -0.062  |  2.070  | -0.061  | -0.062  
 -0.046  |  2.070  | -0.045  | -0.047  
  0.077  |  2.071  |  0.076  |  0.078  
  0.092  |  2.072  |  0.092  |  0.093  
 -0.046  |  2.071  | -0.048  | -0.044  
  0.031  |  2.071  |  0.033  |  0.029  
  0.077  |  2.072  |  0.075  |  0.079  
  0.046  |  2.073  |  0.047  |  0.046  
 -0.015  |  2.072  | -0.016  | -0.015  
  0.000  |  2.072  | -0.000  |  0.000  
  0.077  |  2.073  |  0.077  |  0.077  
  0.077  |  2.074  |  0.076  |  0.077  
  0.015  |  2.074  |  0.016  |  0.015  
  0.000  |  2.074  | -0.000  |  0.000  
  0.062  |  2.075  |  0.062  |  0.062  
  0.108  |  2.076  |  0.108  |  0.108  
  0.077  |  2.077  |  0.077  |  0.077  
  0.015  |  2.077  |  0.015  |  0.016  
  0.046  |  2.077  |  0.046  |  0.046  
  0.108  |  2.078  |  0.108  |  0.108  
  0.123  |  2.079  |  0.123  |  0.123  
  0.062  |  2.080  |  0.061  |  0.062  
  0.031  |  2.080  |  0.031  |  0.031  
  0.108  |  2.081  |  0.108  |  0.108  
  0.154  |  2.083  |  0.154  |  0.154  
  0.108  |  2.084  |  0.108  |  0.108  
  0.046  |  2.085  |  0.046  |  0.046  
  0.092  |  2.085  |  0.092  |  0.092  
  0.169  |  2.087  |  0.169  |  0.170  
  0.154  |  2.089  |  0.154  |  0.154  
  0.077  |  2.089  |  0.077  |  0.077  
  0.077  |  2.090  |  0.077  |  0.077  
  0.154  |  2.092  |  0.154  |  0.154  
  0.200  |  2.094  |  0.200  |  0.200  
  0.123  |  2.095  |  0.123  |  0.123  
  0.062  |  2.096  |  0.061  |  0.062  
  0.154  |  2.097  |  0.154  |  0.154  
  0.216  |  2.099  |  0.215  |  0.216  
  0.169  |  2.101  |  0.169  |  0.169  
  0.123  |  2.102  |  0.123  |  0.123  
  0.139  |  2.104  |  0.138  |  0.139  
  0.185  |  2.105  |  0.185  |  0.185  
  0.169  |  2.109  |  0.170  |  0.169  
  0.154  |  2.111  |  0.154  |  0.154  
  0.169  |  2.112  |  0.169  |  0.169  
  0.216  |  2.115  |  0.215  |  0.216  
  0.200  |  2.117  |  0.200  |  0.200  
  0.185  |  2.118  |  0.185  |  0.185  
  0.169  |  2.120  |  0.169  |  0.169  
  0.169  |  2.120  |  0.169  |  0.169  
  0.139  |  2.124  |  0.138  |  0.139  
  0.216  |  2.127  |  0.215  |  0.216  
  0.277  |  2.129  |  0.277  |  0.277  
  0.246  |  2.132  |  0.246  |  0.246  
  0.169  |  2.133  |  0.169  |  0.169  
  0.185  |  2.135  |  0.185  |  0.185  
  0.262  |  2.138  |  0.262  |  0.262  
  0.277  |  2.141  |  0.277  |  0.277  
  0.216  |  2.143  |  0.215  |  0.216  
  0.200  |  2.145  |  0.200  |  0.200  
  0.231  |  2.147  |  0.231  |  0.231  
  0.323  |  2.150  |  0.323  |  0.323  
  0.246  |  2.153  |  0.246  |  0.246  
  0.185  |  2.155  |  0.185  |  0.185  
  0.216  |  2.157  |  0.215  |  0.216  
  0.323  |  2.160  |  0.323  |  0.323  
  0.323  |  2.163  |  0.323  |  0.324  
  0.200  |  2.165  |  0.200  |  0.200  
  0.200  |  2.167  |  0.200  |  0.200  
  0.339  |  2.174  |  0.339  |  0.339  
  0.277  |  2.177  |  0.277  |  0.277  
  0.216  |  2.179  |  0.215  |  0.216  
  0.262  |  2.181  |  0.262  |  0.262  
  0.323  |  2.185  |  0.323  |  0.323  
  0.339  |  2.188  |  0.338  |  0.339  
  0.277  |  2.191  |  0.278  |  0.277  
  0.231  |  2.193  |  0.230  |  0.231  
  0.308  |  2.196  |  0.308  |  0.308  
  0.354  |  2.200  |  0.354  |  0.354  
  0.339  |  2.203  |  0.339  |  0.339  
  0.246  |  2.206  |  0.246  |  0.246  
  0.292  |  2.208  |  0.292  |  0.293  
  0.339  |  2.212  |  0.339  |  0.339  
  0.354  |  2.215  |  0.354  |  0.354  
  0.477  |  2.220  |  0.477  |  0.478  
 -0.139  |  2.219  | -0.138  | -0.139  
  0.139  |  2.220  |  0.138  |  0.139  
  0.185  |  2.222  |  0.185  |  0.184  
 -0.046  |  2.222  | -0.046  | -0.046  
 -0.123  |  2.220  | -0.124  | -0.123  
  0.015  |  2.220  |  0.016  |  0.015  
  0.169  |  2.222  |  0.169  |  0.170  
  0.092  |  2.223  |  0.094  |  0.091  
  0.185  |  2.225  |  0.183  |  0.186  
 -0.123  |  2.224  | -0.123  | -0.124  
 -0.031  |  2.223  | -0.031  | -0.030  
  0.123  |  2.225  |  0.124  |  0.123  
  0.046  |  2.225  |  0.046  |  0.046  
 -0.154  |  2.224  | -0.154  | -0.154  
 -0.169  |  2.222  | -0.170  | -0.168  
 -0.015  |  2.222  | -0.023  | -0.008  
  0.000  |  2.222  | -0.002  |  0.002  
 -0.139  |  2.220  | -0.146  | -0.131  
 -0.200  |  2.218  | -0.201  | -0.199  
 -0.108  |  2.217  | -0.115  | -0.100  
 -0.031  |  2.217  | -0.038  | -0.023  
 -0.108  |  2.216  | -0.108  | -0.107  
 -0.154  |  2.212  | -0.153  | -0.155  
 -0.154  |  2.212  | -0.153  | -0.155  
 -0.062  |  2.211  | -0.061  | -0.062  
 -0.062  |  2.211  | -0.061  | -0.062  
 -0.169  |  2.208  | -0.170  | -0.169  
 -0.062  |  2.207  | -0.061  | -0.062  
 -0.031  |  2.207  | -0.031  | -0.030  
 -0.123  |  2.205  | -0.123  | -0.123  
 -0.185  |  2.204  | -0.185  | -0.184  
 -0.092  |  2.203  | -0.092  | -0.092  
 -0.015  |  2.202  | -0.016  | -0.015  
 -0.046  |  2.202  | -0.047  | -0.046  
 -0.139  |  2.201  | -0.138  | -0.139  
 -0.139  |  2.199  | -0.139  | -0.138  
 -0.015  |  2.199  | -0.015  | -0.016  
  0.000  |  2.199  | -0.000  |  0.000  
 -0.108  |  2.198  | -0.107  | -0.108  
 -0.123  |  2.197  | -0.123  | -0.123  
 -0.031  |  2.196  | -0.031  | -0.031  
  0.015  |  2.197  |  0.016  |  0.015  
 -0.031  |  2.196  | -0.031  | -0.030  
 -0.092  |  2.195  | -0.092  | -0.092  
 -0.062  |  2.195  | -0.062  | -0.061  
  0.000  |  2.195  | -0.008  |  0.008  
  0.015  |  2.195  |  0.015  |  0.016  
 -0.031  |  2.195  | -0.038  | -0.023  
 -0.062  |  2.194  | -0.062  | -0.062  
  0.000  |  2.194  | -0.000  |  0.000  
  0.046  |  2.194  |  0.046  |  0.046  
  0.015  |  2.195  |  0.015  |  0.016  
 -0.031  |  2.194  | -0.030  | -0.031  
  0.000  |  2.194  | -0.000  |  0.000  
  0.062  |  2.195  |  0.062  |  0.061  
  0.031  |  2.195  |  0.031  |  0.031  
  0.000  |  2.195  | -0.000  |  0.000  
  0.015  |  2.195  |  0.015  |  0.016  
  0.062  |  2.196  |  0.061  |  0.062  
  0.062  |  2.197  |  0.062  |  0.062  
  0.015  |  2.197  |  0.015  |  0.016  
  0.046  |  2.197  |  0.046  |  0.046  
  0.077  |  2.199  |  0.077  |  0.077  
  0.062  |  2.199  |  0.062  |  0.062  
  0.046  |  2.200  |  0.046  |  0.046  
  0.077  |  2.200  |  0.077  |  0.077  
  0.092  |  2.201  |  0.092  |  0.092  
 -0.154  |  2.200  | -0.154  | -0.154  
  0.077  |  2.201  |  0.077  |  0.077  
  0.185  |  2.202  |  0.185  |  0.185  
  0.000  |  2.202  |  0.000  |  0.000  
 -0.108  |  2.201  | -0.108  | -0.108  
  0.015  |  2.202  |  0.015  |  0.015  
  0.154  |  2.203  |  0.154  |  0.153  
  0.139  |  2.204  |  0.138  |  0.139  
  0.046  |  2.205  |  0.046  |  0.046  
  0.046  |  2.205  |  0.038  |  0.054  
  0.154  |  2.207  |  0.162  |  0.146  
  0.200  |  2.209  |  0.201  |  0.199  
  0.108  |  2.210  |  0.115  |  0.100  
  0.108  |  2.211  |  0.107  |  0.108  
  0.169  |  2.213  |  0.171  |  0.168  
  0.216  |  2.215  |  0.214  |  0.217  
 -0.062  |  2.214  | -0.061  | -0.062  
  0.154  |  2.216  |  0.146  |  0.162  
  0.231  |  2.218  |  0.231  |  0.231  
  0.000  |  2.218  | -0.000  |  0.000  
 -0.092  |  2.217  | -0.093  | -0.092  
  0.046  |  2.218  |  0.046  |  0.046  
  0.169  |  2.219  |  0.168  |  0.171  
  0.092  |  2.220  |  0.093  |  0.092  
 -1.847  |  2.202  | -1.849  | -1.846  
  0.046  |  2.202  |  0.046  |  0.046  
  0.092  |  2.203  |  0.092  |  0.093  
  0.000  |  2.203  | -0.008  |  0.008  
  0.246  |  2.208  |  0.239  |  0.254  
  0.062  |  2.208  |  0.062  |  0.061  
 -0.108  |  2.207  | -0.115  | -0.100  
 -0.046  |  2.207  | -0.046  | -0.047  
 -1.001  |  2.197  | -1.001  | -1.001  
  0.123  |  2.198  |  0.124  |  0.123  
  0.185  |  2.200  |  0.184  |  0.186  
  0.046  |  2.200  |  0.047  |  0.045  
  0.246  |  2.203  |  0.246  |  0.247  
  0.262  |  2.206  |  0.262  |  0.261  
  0.031  |  2.206  |  0.031  |  0.031  
 -0.123  |  2.205  | -0.123  | -0.123  
  0.000  |  2.205  | -0.001  |  0.001  
  0.092  |  2.206  |  0.092  |  0.093  
  0.000  |  2.206  |  0.002  | -0.002  
 -0.108  |  2.204  | -0.109  | -0.107  
 -0.123  |  2.203  | -0.123  | -0.124  
 -0.015  |  2.203  | -0.017  | -0.014  
  0.000  |  2.203  |  0.001  | -0.001  
 -0.108  |  2.202  | -0.108  | -0.108  
 -0.169  |  2.200  | -0.169  | -0.169  
 -0.077  |  2.200  | -0.076  | -0.078  
  0.000  |  2.200  | -0.001  |  0.001  
 -0.046  |  2.199  | -0.045  | -0.047  
 -0.154  |  2.198  | -0.154  | -0.154  
 -0.139  |  2.196  | -0.138  | -0.139  
 -0.015  |  2.196  | -0.015  | -0.015  
  0.000  |  2.196  | -0.002  |  0.002  
 -0.108  |  2.195  | -0.106  | -0.109  
 -0.154  |  2.193  | -0.155  | -0.153  
 -0.046  |  2.193  | -0.045  | -0.047  
 -0.031  |  2.193  | -0.030  | -0.031  
 -0.123  |  2.192  | -0.123  | -0.123  
 -0.092  |  2.191  | -0.093  | -0.092  
  0.015  |  2.191  |  0.016  |  0.015  
  0.031  |  2.191  |  0.030  |  0.032  
 -0.077  |  2.190  | -0.077  | -0.077  
 -0.092  |  2.190  | -0.093  | -0.092  
 -0.015  |  2.189  | -0.015  | -0.016  
  0.062  |  2.190  |  0.061  |  0.062  
  0.000  |  2.190  |  0.000  | -0.000  
 -0.077  |  2.189  | -0.069  | -0.085  
 -0.031  |  2.189  | -0.031  | -0.031  
  0.062  |  2.190  |  0.061  |  0.062  
  0.046  |  2.190  |  0.046  |  0.046  
 -0.015  |  2.190  | -0.016  | -0.015  
 -0.015  |  2.190  | -0.015  | -0.016  
  0.015  |  2.190  |  0.015  |  0.016  
  0.062  |  2.190  |  0.054  |  0.069  
  0.046  |  2.191  |  0.046  |  0.046  
  0.000  |  2.191  | -0.008  |  0.008  
  0.000  |  2.191  | -0.008  |  0.008  
  0.062  |  2.192  |  0.062  |  0.062  
 -0.031  |  2.191  | -0.031  | -0.031  
  0.108  |  2.192  |  0.108  |  0.108  
  0.123  |  2.194  |  0.123  |  0.123  
  0.031  |  2.194  |  0.031  |  0.031  
  0.000  |  2.194  | -0.008  |  0.008  
  0.077  |  2.195  |  0.077  |  0.077  
  0.139  |  2.196  |  0.131  |  0.146  
  0.092  |  2.197  |  0.092  |  0.092  
  0.015  |  2.197  |  0.008  |  0.023  
  0.046  |  2.198  |  0.038  |  0.054  
  0.139  |  2.199  |  0.139  |  0.138  
  0.154  |  2.200  |  0.154  |  0.154  
  0.062  |  2.201  |  0.061  |  0.062  
  0.046  |  2.202  |  0.046  |  0.046  
  0.123  |  2.203  |  0.123  |  0.124  
 -0.062  |  2.202  | -0.062  | -0.062  
  0.231  |  2.206  |  0.223  |  0.239  
  0.046  |  2.207  |  0.038  |  0.054  
 -0.046  |  2.206  | -0.047  | -0.046  
  0.062  |  2.207  |  0.060  |  0.063  
  0.169  |  2.209  |  0.170  |  0.169  
  0.108  |  2.210  |  0.109  |  0.107  
  0.000  |  2.210  | -0.001  |  0.001  
  0.015  |  2.210  |  0.017  |  0.014  
  0.123  |  2.211  |  0.121  |  0.125  
  0.139  |  2.213  |  0.139  |  0.138  
  0.031  |  2.213  |  0.031  |  0.031  
  0.015  |  2.213  |  0.015  |  0.016  
  0.108  |  2.214  |  0.108  |  0.107  
  0.154  |  2.216  |  0.152  |  0.156  
  0.077  |  2.216  |  0.079  |  0.075  
  0.015  |  2.217  |  0.014  |  0.016  
  0.092  |  2.218  |  0.093  |  0.091  
  0.739  |  2.225  |  0.738  |  0.739  
  0.077  |  2.226  |  0.077  |  0.077  
 -0.031  |  2.225  | -0.031  | -0.031  
  0.077  |  2.226  |  0.077  |  0.077  
  0.000  |  2.226  |  0.001  | -0.001  
 -0.169  |  2.224  | -0.169  | -0.169  
 -0.246  |  2.222  | -0.239  | -0.254  
 -0.185  |  2.220  | -0.184  | -0.185  
 -0.139  |  2.219  | -0.140  | -0.137  
 -0.246  |  2.216  | -0.245  | -0.248  
 -0.323  |  2.213  | -0.325  | -0.322  
 -0.277  |  2.210  | -0.276  | -0.278  
 -0.185  |  2.208  | -0.186  | -0.183  
 -0.277  |  2.206  | -0.277  | -0.277  
 -0.354  |  2.202  | -0.354  | -0.354  
 -1.724  |  2.185  | -1.724  | -1.724  
 -0.185  |  2.183  | -0.185  | -0.185  
 -0.062  |  2.182  | -0.061  | -0.062  
 -0.092  |  2.182  | -0.092  | -0.092  
  0.108  |  2.183  |  0.107  |  0.109  
  0.216  |  2.185  |  0.216  |  0.215  
 -0.062  |  2.185  | -0.062  | -0.062  
  0.000  |  2.185  | -0.008  |  0.008  
  0.108  |  2.186  |  0.107  |  0.109  
  0.123  |  2.187  |  0.115  |  0.131  
  0.031  |  2.188  |  0.031  |  0.031  
 -0.015  |  2.187  | -0.008  | -0.023  
  0.062  |  2.188  |  0.062  |  0.062  
  0.123  |  2.189  |  0.123  |  0.123  
  0.077  |  2.190  |  0.078  |  0.076  
  0.000  |  2.190  |  0.008  | -0.008  
  0.046  |  2.190  |  0.048  |  0.045  
  0.123  |  2.192  |  0.115  |  0.131  
  0.108  |  2.193  |  0.100  |  0.115  
  0.046  |  2.193  |  0.046  |  0.046  
  0.062  |  2.194  |  0.061  |  0.062  
  0.108  |  2.195  |  0.108  |  0.108  
  0.385  |  2.199  |  0.384  |  0.385  
  0.046  |  2.199  |  0.047  |  0.046  
 -0.046  |  2.199  | -0.047  | -0.046  
  0.169  |  2.200  |  0.170  |  0.169  
  0.216  |  2.203  |  0.215  |  0.216  
  0.015  |  2.203  |  0.008  |  0.023  
 -0.508  |  2.198  | -0.509  | -0.507  
 -0.031  |  2.197  | -0.029  | -0.033  
  0.046  |  2.198  |  0.054  |  0.038  
 -0.139  |  2.196  | -0.139  | -0.139  
 -0.139  |  2.195  | -0.139  | -0.139  
  0.092  |  2.196  |  0.092  |  0.092  
  0.185  |  2.198  |  0.185  |  0.185  
  0.062  |  2.198  |  0.054  |  0.069  
 -0.015  |  2.198  | -0.008  | -0.023  
  0.062  |  2.199  |  0.062  |  0.061  
  0.169  |  2.201  |  0.169  |  0.170  
  0.185  |  2.202  |  0.184  |  0.185  
  0.092  |  2.203  |  0.091  |  0.093  
  0.154  |  2.206  |  0.154  |  0.153  
  0.154  |  2.206  |  0.154  |  0.153  
  0.169  |  2.210  |  0.170  |  0.169  
  0.108  |  2.211  |  0.107  |  0.109  
  0.108  |  2.211  |  0.107  |  0.109  
  0.231  |  2.214  |  0.232  |  0.230  
  0.216  |  2.217  |  0.215  |  0.216  
  0.000  |  2.217  |  0.001  | -0.001  
  0.169  |  2.218  |  0.168  |  0.171  
  0.262  |  2.221  |  0.262  |  0.261  
  0.092  |  2.222  |  0.092  |  0.093  
 -0.062  |  2.221  | -0.069  | -0.054  
  0.000  |  2.221  | -0.000  |  0.000  
  0.123  |  2.222  |  0.122  |  0.124  
  0.077  |  2.223  |  0.078  |  0.076  
 -0.062  |  2.223  | -0.063  | -0.060  
 -0.062  |  2.222  | -0.061  | -0.062  
  0.046  |  2.222  |  0.046  |  0.046  
  0.062  |  2.223  |  0.061  |  0.062  
 -0.015  |  2.223  | -0.016  | -0.015  
 -0.062  |  2.222  | -0.063  | -0.060  
 -0.015  |  2.222  | -0.014  | -0.017  
  0.046  |  2.223  |  0.045  |  0.048  
  0.015  |  2.223  |  0.016  |  0.015  
 -0.046  |  2.222  | -0.046  | -0.046  
 -0.015  |  2.222  | -0.016  | -0.015  
  0.031  |  2.222  |  0.031  |  0.030  
  0.031  |  2.223  |  0.030  |  0.031  
  0.000  |  2.223  |  0.001  | -0.001  
 -0.015  |  2.223  | -0.016  | -0.015  
  0.015  |  2.223  |  0.016  |  0.015  
  0.062  |  2.223  |  0.061  |  0.062  
  0.031  |  2.224  |  0.031  |  0.031  
  0.000  |  2.224  | -0.000  |  0.000  
  0.015  |  2.224  |  0.016  |  0.015  
  0.062  |  2.224  |  0.062  |  0.062  
  0.062  |  2.225  |  0.061  |  0.062  
  0.046  |  2.226  |  0.046  |  0.046  
  0.046  |  2.226  |  0.046  |  0.046  
  0.092  |  2.227  |  0.092  |  0.092  
  0.077  |  2.228  |  0.077  |  0.077  
  0.077  |  2.228  |  0.077  |  0.077  
  0.062  |  2.229  |  0.061  |  0.062  
 -1.432  |  2.215  | -1.432  | -1.431  
 -0.416  |  2.211  | -0.416  | -0.416  
  0.216  |  2.213  |  0.216  |  0.215  
 -0.031  |  2.212  | -0.030  | -0.031  
 -0.077  |  2.212  | -0.078  | -0.076  
  0.139  |  2.213  |  0.139  |  0.138  
  0.216  |  2.215  |  0.216  |  0.215  
  0.062  |  2.216  |  0.062  |  0.062  
 -0.585  |  2.210  | -0.586  | -0.584  
  0.015  |  2.210  |  0.016  |  0.015  
  0.092  |  2.211  |  0.092  |  0.092  
 -0.062  |  2.210  | -0.054  | -0.069  
  0.000  |  2.210  | -0.001  |  0.001  
  0.154  |  2.212  |  0.153  |  0.154  
  0.246  |  2.214  |  0.247  |  0.246  
  0.139  |  2.216  |  0.139  |  0.138  
  0.092  |  2.217  |  0.091  |  0.094  
  0.185  |  2.219  |  0.185  |  0.185  
  0.292  |  2.222  |  0.291  |  0.294  
  0.262  |  2.224  |  0.263  |  0.260  
  0.154  |  2.226  |  0.153  |  0.155  
  0.200  |  2.228  |  0.201  |  0.200  
  0.292  |  2.231  |  0.292  |  0.293  
  0.308  |  2.234  |  0.307  |  0.309  
  0.262  |  2.236  |  0.263  |  0.261  
  0.246  |  2.239  |  0.246  |  0.247  
  0.308  |  2.242  |  0.309  |  0.307  
  0.308  |  2.245  |  0.307  |  0.309  
  0.277  |  2.248  |  0.278  |  0.277  
  0.292  |  2.251  |  0.292  |  0.293  
  0.339  |  2.254  |  0.339  |  0.338  
  0.292  |  2.260  |  0.292  |  0.293  
  0.308  |  2.263  |  0.308  |  0.308  
  0.339  |  2.267  |  0.338  |  0.339  
  0.339  |  2.270  |  0.339  |  0.338  
  0.339  |  2.273  |  0.338  |  0.339  
  0.339  |  2.277  |  0.339  |  0.339  
  0.323  |  2.280  |  0.323  |  0.324  
  0.339  |  2.283  |  0.338  |  0.339  
  0.354  |  2.287  |  0.354  |  0.354  
  0.354  |  2.290  |  0.354  |  0.354  
  0.354  |  2.294  |  0.354  |  0.354  
  0.369  |  2.298  |  0.369  |  0.370  
  0.339  |  2.301  |  0.339  |  0.339  
  0.354  |  2.305  |  0.354  |  0.354  
  0.369  |  2.308  |  0.370  |  0.369  
  0.416  |  2.312  |  0.415  |  0.416  
  0.339  |  2.316  |  0.339  |  0.339  
  0.339  |  2.319  |  0.339  |  0.339  
  0.400  |  2.323  |  0.400  |  0.400  
  0.369  |  2.331  |  0.370  |  0.369  
  0.369  |  2.334  |  0.369  |  0.370  
  0.416  |  2.339  |  0.416  |  0.416  
  0.385  |  2.342  |  0.385  |  0.385  
  0.369  |  2.346  |  0.369  |  0.370  
  0.385  |  2.350  |  0.385  |  0.385  
  0.400  |  2.354  |  0.400  |  0.401  
  0.431  |  2.358  |  0.431  |  0.431  
  0.416  |  2.362  |  0.415  |  0.416  
  0.323  |  2.366  |  0.323  |  0.323  
  0.416  |  2.370  |  0.415  |  0.416  
  0.416  |  2.374  |  0.416  |  0.416  
  0.431  |  2.378  |  0.431  |  0.431  
  0.416  |  2.382  |  0.415  |  0.416  
  0.369  |  2.386  |  0.370  |  0.369  
  0.385  |  2.390  |  0.385  |  0.385  
  0.431  |  2.394  |  0.431  |  0.431  
  0.446  |  2.399  |  0.446  |  0.446  
  0.416  |  2.403  |  0.416  |  0.416  
  0.369  |  2.407  |  0.369  |  0.370  
  0.416  |  2.411  |  0.415  |  0.416  
  0.416  |  2.415  |  0.416  |  0.416  
  0.462  |  2.420  |  0.462  |  0.462  
  0.400  |  2.424  |  0.400  |  0.400  
  0.400  |  2.428  |  0.400  |  0.400  
  0.431  |  2.432  |  0.431  |  0.431  
  0.431  |  2.436  |  0.431  |  0.431  
  0.477  |  2.441  |  0.477  |  0.477  
  0.400  |  2.445  |  0.400  |  0.400  
  0.385  |  2.449  |  0.385  |  0.385  
  0.462  |  2.453  |  0.462  |  0.462  
  0.446  |  2.458  |  0.446  |  0.446  
  0.462  |  2.462  |  0.462  |  0.462  
  0.446  |  2.467  |  0.447  |  0.446  
  0.385  |  2.471  |  0.385  |  0.385  
  0.477  |  2.480  |  0.477  |  0.477  
  0.477  |  2.480  |  0.477  |  0.477  
  0.493  |  2.485  |  0.493  |  0.493  
  0.400  |  2.493  |  0.400  |  0.401  
  0.493  |  2.498  |  0.493  |  0.493  
  0.493  |  2.503  |  0.493  |  0.492  
  0.431  |  2.507  |  0.430  |  0.432  
  0.416  |  2.511  |  0.416  |  0.415  
  0.477  |  2.516  |  0.477  |  0.477  
  0.523  |  2.521  |  0.524  |  0.523  
  0.431  |  2.526  |  0.431  |  0.431  
  0.431  |  2.530  |  0.431  |  0.431  
  0.446  |  2.534  |  0.446  |  0.447  
  0.508  |  2.540  |  0.508  |  0.508  
  0.493  |  2.544  |  0.493  |  0.492  
  0.446  |  2.549  |  0.446  |  0.447  
  0.477  |  2.554  |  0.478  |  0.477  
  0.477  |  2.558  |  0.477  |  0.478  
  0.493  |  2.563  |  0.493  |  0.493  
  0.493  |  2.568  |  0.492  |  0.493  
  0.477  |  2.573  |  0.477  |  0.477  
  0.462  |  2.578  |  0.462  |  0.462  
  0.477  |  2.582  |  0.477  |  0.477  
  0.554  |  2.588  |  0.554  |  0.554  
  0.462  |  2.593  |  0.462  |  0.462  
  0.477  |  2.597  |  0.477  |  0.477  
  0.462  |  2.602  |  0.462  |  0.462  
  0.539  |  2.607  |  0.539  |  0.539  
  0.508  |  2.612  |  0.508  |  0.508  
  0.523  |  2.618  |  0.523  |  0.523  
  0.462  |  2.622  |  0.462  |  0.462  
  0.493  |  2.627  |  0.492  |  0.493  
  0.493  |  2.632  |  0.493  |  0.493  
  0.508  |  2.637  |  0.508  |  0.508  
  0.539  |  2.643  |  0.539  |  0.539  
  0.539  |  2.648  |  0.539  |  0.539  
  0.446  |  2.652  |  0.446  |  0.447  
  0.523  |  2.658  |  0.523  |  0.524  
  0.554  |  2.663  |  0.554  |  0.554  
  0.462  |  2.673  |  0.462  |  0.462  
  0.462  |  2.673  |  0.462  |  0.462  
  0.508  |  2.683  |  0.508  |  0.508  
  0.570  |  2.689  |  0.569  |  0.570  
  0.493  |  2.694  |  0.493  |  0.492  
  0.523  |  2.699  |  0.523  |  0.523  
  0.508  |  2.704  |  0.508  |  0.508  
  0.539  |  2.710  |  0.539  |  0.539  
  0.523  |  2.715  |  0.523  |  0.524  
  0.508  |  2.720  |  0.508  |  0.508  
  0.554  |  2.726  |  0.554  |  0.554  
  0.554  |  2.731  |  0.554  |  0.554  
  0.523  |  2.736  |  0.523  |  0.524  
  0.493  |  2.741  |  0.492  |  0.493  
  0.523  |  2.746  |  0.523  |  0.524  
  0.585  |  2.752  |  0.585  |  0.585  
  0.523  |  2.758  |  0.523  |  0.523  
  0.523  |  2.763  |  0.523  |  0.524  
  0.554  |  2.768  |  0.554  |  0.554  
  0.508  |  2.773  |  0.508  |  0.508  
  0.554  |  2.779  |  0.554  |  0.554  
  0.554  |  2.784  |  0.554  |  0.554  
  0.539  |  2.790  |  0.539  |  0.539  
  0.523  |  2.795  |  0.523  |  0.524  
  0.539  |  2.800  |  0.539  |  0.539  
  0.554  |  2.806  |  0.554  |  0.554  
  0.554  |  2.812  |  0.554  |  0.554  
  0.570  |  2.817  |  0.570  |  0.570  
  0.570  |  2.823  |  0.569  |  0.570  
  0.477  |  2.828  |  0.477  |  0.477  
  0.585  |  2.834  |  0.585  |  0.585  
  0.554  |  2.839  |  0.554  |  0.554  
  0.523  |  2.844  |  0.523  |  0.524  
  0.539  |  2.850  |  0.539  |  0.539  
  0.539  |  2.855  |  0.539  |  0.539  
  0.554  |  2.861  |  0.554  |  0.554  
  0.477  |  2.870  |  0.477  |  0.477  
  0.554  |  2.876  |  0.554  |  0.554  
  0.554  |  2.881  |  0.554  |  0.554  
  0.585  |  2.887  |  0.585  |  0.585  
  0.462  |  2.892  |  0.462  |  0.462  
  0.477  |  2.897  |  0.477  |  0.477  
  0.539  |  2.902  |  0.538  |  0.539  
  0.539  |  2.907  |  0.539  |  0.539  
  0.539  |  2.913  |  0.539  |  0.539  
  0.462  |  2.917  |  0.462  |  0.462  
  0.508  |  2.922  |  0.508  |  0.508  
  0.523  |  2.928  |  0.523  |  0.523  
  0.570  |  2.933  |  0.569  |  0.570  
  0.446  |  2.938  |  0.446  |  0.446  
  0.493  |  2.943  |  0.493  |  0.493  
  0.523  |  2.948  |  0.516  |  0.531  
  0.554  |  2.954  |  0.554  |  0.554  
  0.493  |  2.958  |  0.500  |  0.485  
  0.493  |  2.963  |  0.500  |  0.485  
  0.493  |  2.968  |  0.485  |  0.500  
  0.554  |  2.974  |  0.554  |  0.554  
  0.508  |  2.979  |  0.516  |  0.500  
  0.508  |  2.984  |  0.516  |  0.500  
  0.493  |  2.989  |  0.485  |  0.500  
  0.539  |  2.994  |  0.539  |  0.539  
  0.493  |  2.999  |  0.500  |  0.485  
  0.523  |  3.005  |  0.531  |  0.516  
  0.539  |  3.010  |  0.539  |  0.539  
  0.554  |  3.015  |  0.546  |  0.562  
  0.462  |  3.020  |  0.470  |  0.454  
  0.508  |  3.025  |  0.516  |  0.500  
  0.570  |  3.031  |  0.577  |  0.562  
  0.554  |  3.036  |  0.546  |  0.562  
  0.493  |  3.041  |  0.493  |  0.493  
  0.523  |  3.051  |  0.531  |  0.516  
  0.570  |  3.057  |  0.570  |  0.570  
  0.539  |  3.063  |  0.531  |  0.546  
  0.523  |  3.068  |  0.523  |  0.524  
  0.523  |  3.073  |  0.523  |  0.523  
  0.554  |  3.079  |  0.554  |  0.554  
  0.523  |  3.084  |  0.523  |  0.524  
  0.554  |  3.089  |  0.554  |  0.554  
  0.523  |  3.095  |  0.523  |  0.524  
  0.554  |  3.100  |  0.554  |  0.554  
  0.523  |  3.105  |  0.523  |  0.523  
  0.570  |  3.111  |  0.569  |  0.570  
  0.523  |  3.116  |  0.523  |  0.523  
  0.570  |  3.122  |  0.570  |  0.570  
  0.523  |  3.127  |  0.523  |  0.524  
  0.554  |  3.133  |  0.554  |  0.554  
  0.585  |  3.139  |  0.585  |  0.585  
  0.508  |  3.144  |  0.516  |  0.500  
  0.523  |  3.149  |  0.531  |  0.516  
  0.585  |  3.155  |  0.577  |  0.593  
  0.585  |  3.161  |  0.593  |  0.577  
  0.570  |  3.166  |  0.577  |  0.562  
  0.493  |  3.171  |  0.500  |  0.485  
  0.554  |  3.177  |  0.554  |  0.554  
  0.600  |  3.183  |  0.593  |  0.608  
  0.585  |  3.189  |  0.593  |  0.577  
  0.523  |  3.199  |  0.531  |  0.516  
  0.523  |  3.199  |  0.531  |  0.516  
  0.570  |  3.210  |  0.570  |  0.570  
  0.493  |  3.215  |  0.492  |  0.493  
  0.446  |  3.220  |  0.446  |  0.447  
  0.539  |  3.225  |  0.538  |  0.539  
  0.539  |  3.231  |  0.539  |  0.539  
  0.523  |  3.236  |  0.523  |  0.524  
  0.431  |  3.240  |  0.431  |  0.431  
  0.539  |  3.245  |  0.538  |  0.539  
  0.493  |  3.250  |  0.492  |  0.493  
  0.508  |  3.255  |  0.508  |  0.508  
  0.462  |  3.260  |  0.462  |  0.462  
  0.462  |  3.265  |  0.462  |  0.462  
  0.523  |  3.270  |  0.523  |  0.524  
  0.493  |  3.275  |  0.493  |  0.492  
  0.477  |  3.280  |  0.477  |  0.477  
  0.508  |  3.285  |  0.508  |  0.508  
  0.431  |  3.289  |  0.431  |  0.431  
  0.523  |  3.294  |  0.523  |  0.523  
  0.493  |  3.299  |  0.493  |  0.493  
  0.523  |  3.304  |  0.523  |  0.523  
  0.446  |  3.309  |  0.446  |  0.446  
  0.477  |  3.314  |  0.485  |  0.470  
  0.508  |  3.319  |  0.516  |  0.500  
  0.554  |  3.324  |  0.562  |  0.546  
  0.462  |  3.329  |  0.454  |  0.470  
  0.446  |  3.333  |  0.439  |  0.454  
  0.477  |  3.338  |  0.485  |  0.470  
  0.539  |  3.343  |  0.546  |  0.531  
  0.523  |  3.349  |  0.523  |  0.523  
  0.523  |  3.354  |  0.523  |  0.523  
  0.431  |  3.358  |  0.431  |  0.431  
  0.508  |  3.363  |  0.508  |  0.508  
  0.539  |  3.369  |  0.546  |  0.531  
  0.462  |  3.379  |  0.454  |  0.470  
  0.508  |  3.384  |  0.508  |  0.508  
  0.508  |  3.384  |  0.508  |  0.508  
  0.477  |  3.394  |  0.485  |  0.470  
  0.508  |  3.399  |  0.516  |  0.500  
  0.508  |  3.404  |  0.500  |  0.516  
  0.539  |  3.410  |  0.539  |  0.539  
  0.508  |  3.415  |  0.516  |  0.500  
  0.523  |  3.420  |  0.531  |  0.516  
  0.508  |  3.425  |  0.508  |  0.508  
  0.523  |  3.430  |  0.523  |  0.523  
  0.539  |  3.436  |  0.539  |  0.539  
  0.539  |  3.441  |  0.539  |  0.539  
  0.508  |  3.446  |  0.516  |  0.500  
  0.493  |  3.451  |  0.493  |  0.493  
  0.554  |  3.457  |  0.554  |  0.554  
  0.539  |  3.462  |  0.531  |  0.546  
  0.539  |  3.467  |  0.546  |  0.531  
  0.508  |  3.472  |  0.508  |  0.508  
  0.523  |  3.478  |  0.531  |  0.516  
  0.570  |  3.483  |  0.570  |  0.570  
  0.523  |  3.489  |  0.523  |  0.523  
  0.493  |  3.494  |  0.493  |  0.493  
  0.570  |  3.499  |  0.570  |  0.570  
  0.570  |  3.505  |  0.570  |  0.570  
  0.539  |  3.510  |  0.539  |  0.539  
  0.523  |  3.516  |  0.523  |  0.523  
  0.523  |  3.521  |  0.523  |  0.523  
  0.585  |  3.527  |  0.593  |  0.577  
  0.508  |  3.532  |  0.516  |  0.500  
  0.539  |  3.537  |  0.539  |  0.539  
  0.554  |  3.543  |  0.546  |  0.562  
  0.570  |  3.548  |  0.562  |  0.577  
  0.570  |  3.554  |  0.577  |  0.562  
  0.554  |  3.560  |  0.554  |  0.554  
  0.493  |  3.565  |  0.500  |  0.485  
  0.554  |  3.570  |  0.554  |  0.554  
  0.616  |  3.576  |  0.616  |  0.616  
  0.493  |  3.587  |  0.500  |  0.485  
  0.539  |  3.592  |  0.546  |  0.531  
  0.585  |  3.598  |  0.593  |  0.577  
  0.600  |  3.604  |  0.600  |  0.600  
  0.523  |  3.609  |  0.523  |  0.523  
  0.539  |  3.615  |  0.546  |  0.531  
  0.585  |  3.621  |  0.593  |  0.577  
  0.554  |  3.626  |  0.562  |  0.546  
  0.554  |  3.632  |  0.554  |  0.554  
  0.585  |  3.637  |  0.585  |  0.585  
  0.554  |  3.643  |  0.562  |  0.546  
  0.554  |  3.649  |  0.554  |  0.554  
  0.585  |  3.654  |  0.585  |  0.585  
  0.523  |  3.660  |  0.523  |  0.524  
  0.554  |  3.665  |  0.555  |  0.554  
  0.662  |  3.672  |  0.662  |  0.662  
  0.554  |  3.677  |  0.554  |  0.554  
  0.493  |  3.682  |  0.492  |  0.493  
  0.554  |  3.688  |  0.554  |  0.554  
  0.616  |  3.694  |  0.616  |  0.616  
  0.585  |  3.700  |  0.585  |  0.585  
  0.477  |  3.705  |  0.470  |  0.485  
  0.539  |  3.710  |  0.531  |  0.546  
  0.554  |  3.716  |  0.546  |  0.562  
  0.554  |  3.721  |  0.546  |  0.562  
  0.523  |  3.726  |  0.524  |  0.523  
  0.570  |  3.732  |  0.569  |  0.570  
  0.477  |  3.737  |  0.477  |  0.477  
  0.554  |  3.742  |  0.554  |  0.554  
  0.523  |  3.748  |  0.523  |  0.524  
  0.539  |  3.753  |  0.539  |  0.539  
  0.508  |  3.758  |  0.508  |  0.508  
  0.570  |  3.764  |  0.570  |  0.569  
  0.508  |  3.769  |  0.508  |  0.508  
  0.508  |  3.774  |  0.508  |  0.508  
  0.539  |  3.784  |  0.539  |  0.539  
  0.523  |  3.790  |  0.523  |  0.523  
  0.585  |  3.796  |  0.585  |  0.585  
  0.493  |  3.800  |  0.493  |  0.493  
  0.477  |  3.805  |  0.477  |  0.477  
  0.570  |  3.811  |  0.570  |  0.570  
  0.570  |  3.817  |  0.570  |  0.570  
  0.493  |  3.822  |  0.492  |  0.493  
  0.539  |  3.827  |  0.539  |  0.539  
  0.570  |  3.833  |  0.570  |  0.570  
  0.523  |  3.838  |  0.523  |  0.524  
  0.508  |  3.843  |  0.508  |  0.508  
  0.570  |  3.849  |  0.569  |  0.570  
  0.585  |  3.854  |  0.585  |  0.585  
  0.493  |  3.859  |  0.493  |  0.493  
  0.523  |  3.865  |  0.523  |  0.523  
  0.539  |  3.870  |  0.539  |  0.539  
  0.600  |  3.876  |  0.600  |  0.600  
  0.523  |  3.881  |  0.523  |  0.523  
  0.539  |  3.887  |  0.539  |  0.539  
  0.523  |  3.892  |  0.523  |  0.523  
  0.600  |  3.898  |  0.600  |  0.600  
  0.539  |  3.903  |  0.539  |  0.539  
  0.554  |  3.909  |  0.554  |  0.554  
  0.539  |  3.914  |  0.539  |  0.539  
  0.570  |  3.920  |  0.570  |  0.570  
  0.539  |  3.925  |  0.539  |  0.539  
  0.585  |  3.931  |  0.585  |  0.585  
  0.539  |  3.937  |  0.539  |  0.539  
  0.570  |  3.942  |  0.570  |  0.570  
  0.508  |  3.947  |  0.508  |  0.508  
  0.647  |  3.954  |  0.647  |  0.646  
  0.539  |  3.959  |  0.539  |  0.539  
  0.539  |  3.965  |  0.539  |  0.539  
  0.616  |  3.971  |  0.616  |  0.616  
  0.570  |  3.976  |  0.570  |  0.569  
  0.539  |  3.982  |  0.539  |  0.539  
  0.508  |  3.987  |  0.508  |  0.508  
  0.616  |  3.993  |  0.616  |  0.616  
  0.523  |  4.005  |  0.523  |  0.524  
  0.523  |  4.010  |  0.523  |  0.524  
  0.585  |  4.016  |  0.585  |  0.585  
  0.647  |  4.022  |  0.646  |  0.647  
  0.539  |  4.027  |  0.539  |  0.539  
  0.585  |  4.033  |  0.585  |  0.585  
  0.523  |  4.039  |  0.523  |  0.524  
  0.647  |  4.045  |  0.647  |  0.646  
  0.585  |  4.051  |  0.585  |  0.585  
  0.585  |  4.057  |  0.585  |  0.585  
  0.508  |  4.062  |  0.508  |  0.508  
  0.616  |  4.068  |  0.616  |  0.616  
  0.585  |  4.074  |  0.585  |  0.585  
  0.616  |  4.080  |  0.608  |  0.623  
  0.570  |  4.086  |  0.569  |  0.570  
  0.508  |  4.091  |  0.508  |  0.508  
  0.554  |  4.096  |  0.554  |  0.554  
  0.600  |  4.102  |  0.600  |  0.600  
  0.554  |  4.108  |  0.554  |  0.554  
  0.600  |  4.114  |  0.600  |  0.601  
  0.539  |  4.119  |  0.539  |  0.538  
  0.600  |  4.125  |  0.600  |  0.601  
  0.539  |  4.131  |  0.539  |  0.538  
  0.585  |  4.136  |  0.584  |  0.586  
  0.539  |  4.142  |  0.539  |  0.539  
  0.616  |  4.148  |  0.616  |  0.616  
  0.570  |  4.154  |  0.569  |  0.570  
  0.539  |  4.159  |  0.539  |  0.539  
  0.539  |  4.164  |  0.539  |  0.539  
  0.570  |  4.170  |  0.570  |  0.569  
  0.631  |  4.176  |  0.631  |  0.631  
  0.570  |  4.182  |  0.570  |  0.569  
  0.508  |  4.187  |  0.508  |  0.508  
  0.585  |  4.193  |  0.585  |  0.585  
  0.600  |  4.199  |  0.600  |  0.601  
  0.616  |  4.205  |  0.616  |  0.616  
  0.508  |  4.210  |  0.508  |  0.508  
  0.523  |  4.221  |  0.523  |  0.523  
  0.600  |  4.227  |  0.600  |  0.601  
  0.600  |  4.227  |  0.600  |  0.601  
  0.477  |  4.238  |  0.485  |  0.470  
  0.554  |  4.244  |  0.562  |  0.546  
  0.570  |  4.249  |  0.577  |  0.562  
  0.570  |  4.255  |  0.570  |  0.569  
  0.477  |  4.260  |  0.477  |  0.477  
  0.462  |  4.264  |  0.462  |  0.462  
  0.570  |  4.270  |  0.569  |  0.570  
  0.539  |  4.275  |  0.539  |  0.539  
  0.462  |  4.280  |  0.462  |  0.461  
  0.477  |  4.285  |  0.476  |  0.478  
  0.508  |  4.290  |  0.509  |  0.507  
  0.554  |  4.295  |  0.554  |  0.555  
  0.462  |  4.300  |  0.462  |  0.462  
  0.493  |  4.305  |  0.493  |  0.493  
  0.508  |  4.310  |  0.508  |  0.508  
  0.477  |  4.315  |  0.477  |  0.477  
  0.508  |  4.320  |  0.508  |  0.508  
  0.493  |  4.325  |  0.493  |  0.492  
  0.523  |  4.330  |  0.523  |  0.523  
  0.493  |  4.335  |  0.493  |  0.492  
  0.462  |  4.340  |  0.462  |  0.462  
  0.523  |  4.345  |  0.523  |  0.523  
  0.523  |  4.350  |  0.523  |  0.523  
  0.493  |  4.355  |  0.493  |  0.493  
  0.493  |  4.360  |  0.492  |  0.493  
  0.462  |  4.365  |  0.462  |  0.462  
  0.554  |  4.370  |  0.554  |  0.554  
  0.539  |  4.375  |  0.539  |  0.539  
  0.477  |  4.380  |  0.477  |  0.477  
  0.462  |  4.385  |  0.461  |  0.462  
  0.523  |  4.390  |  0.523  |  0.523  
  0.585  |  4.396  |  0.585  |  0.585  
  0.508  |  4.401  |  0.508  |  0.508  
  0.416  |  4.405  |  0.415  |  0.416  
  0.493  |  4.410  |  0.492  |  0.493  
  0.462  |  4.420  |  0.461  |  0.462  
  0.431  |  4.424  |  0.431  |  0.431  
  0.462  |  4.429  |  0.470  |  0.454  
  0.431  |  4.433  |  0.431  |  0.431  
  0.400  |  4.437  |  0.400  |  0.400  
  0.431  |  4.442  |  0.431  |  0.431  
  0.416  |  4.446  |  0.415  |  0.416  
  0.446  |  4.450  |  0.447  |  0.446  
  0.770  |  4.458  |  0.769  |  0.770  
  0.046  |  4.458  |  0.046  |  0.046  
  0.185  |  4.460  |  0.183  |  0.186  
  0.216  |  4.462  |  0.217  |  0.214  
 -0.031  |  4.462  | -0.032  | -0.029  
 -0.108  |  4.461  | -0.107  | -0.109  
  0.046  |  4.461  |  0.046  |  0.047  
  0.169  |  4.463  |  0.169  |  0.169  
  0.077  |  4.464  |  0.078  |  0.076  
 -0.046  |  4.463  | -0.054  | -0.038  
  0.000  |  4.463  |  0.008  | -0.008  
  0.108  |  4.464  |  0.115  |  0.100  
  0.139  |  4.466  |  0.139  |  0.138  
  0.046  |  4.466  |  0.046  |  0.046  
  0.000  |  4.466  | -0.001  |  0.001  
  0.077  |  4.467  |  0.079  |  0.075  
  0.154  |  4.469  |  0.152  |  0.156  
  0.108  |  4.470  |  0.108  |  0.107  
  0.031  |  4.470  |  0.030  |  0.031  
  0.077  |  4.471  |  0.077  |  0.077  
  0.154  |  4.472  |  0.154  |  0.154  
  0.139  |  4.474  |  0.138  |  0.139  
  0.077  |  4.474  |  0.077  |  0.077  
  0.077  |  4.475  |  0.076  |  0.078  
  0.139  |  4.477  |  0.138  |  0.139  
  0.123  |  4.478  |  0.123  |  0.123  
  0.169  |  4.480  |  0.169  |  0.169  
  0.108  |  4.482  |  0.108  |  0.108  
  0.108  |  4.482  |  0.108  |  0.108  
  0.169  |  4.485  |  0.169  |  0.170  
  0.185  |  4.487  |  0.185  |  0.185  
  0.154  |  4.488  |  0.154  |  0.154  
  0.123  |  4.490  |  0.123  |  0.123  
  0.154  |  4.491  |  0.154  |  0.154  
  0.200  |  4.493  |  0.200  |  0.200  
  0.185  |  4.495  |  0.184  |  0.185  
  0.154  |  4.496  |  0.154  |  0.154  
  0.154  |  4.498  |  0.154  |  0.154  
  0.216  |  4.500  |  0.215  |  0.216  
  0.200  |  4.502  |  0.200  |  0.200  
  0.185  |  4.504  |  0.184  |  0.185  
  0.169  |  4.506  |  0.170  |  0.169  
  0.200  |  4.508  |  0.200  |  0.200  
  0.231  |  4.510  |  0.231  |  0.231  
  0.231  |  4.512  |  0.231  |  0.231  
  0.169  |  4.514  |  0.169  |  0.169  
  0.185  |  4.516  |  0.185  |  0.185  
  0.246  |  4.518  |  0.246  |  0.246  
  0.277  |  4.521  |  0.277  |  0.277  
  0.200  |  4.523  |  0.200  |  0.200  
  0.185  |  4.525  |  0.185  |  0.185  
  0.216  |  4.527  |  0.216  |  0.215  
  0.292  |  4.530  |  0.292  |  0.293  
  0.647  |  4.536  |  0.647  |  0.647  
  0.323  |  4.540  |  0.324  |  0.323  
 -0.015  |  4.540  | -0.016  | -0.015  
  0.185  |  4.541  |  0.184  |  0.185  
  0.216  |  4.544  |  0.216  |  0.215  
 -0.015  |  4.543  | -0.014  | -0.016  
 -0.123  |  4.542  | -0.126  | -0.120  
  0.031  |  4.543  |  0.033  |  0.029  
  0.185  |  4.544  |  0.185  |  0.184  
  0.092  |  4.545  |  0.100  |  0.085  
 -0.046  |  4.545  | -0.046  | -0.047  
  0.000  |  4.545  |  0.008  | -0.008  
  0.108  |  4.546  |  0.100  |  0.115  
  0.123  |  4.547  |  0.115  |  0.131  
  0.000  |  4.547  |  0.000  |  0.000  
  0.092  |  4.548  |  0.092  |  0.092  
  0.431  |  4.553  |  0.429  |  0.433  
  0.031  |  4.553  |  0.023  |  0.038  
 -0.062  |  4.552  | -0.063  | -0.060  
  0.139  |  4.554  |  0.139  |  0.139  
  0.216  |  4.556  |  0.218  |  0.213  
  0.015  |  4.556  |  0.013  |  0.018  
 -0.139  |  4.555  | -0.139  | -0.138  
 -0.015  |  4.555  | -0.012  | -0.019  
  0.092  |  4.555  |  0.090  |  0.094  
  0.015  |  4.556  |  0.014  |  0.017  
 -0.092  |  4.555  | -0.100  | -0.085  
 -0.062  |  4.554  | -0.069  | -0.054  
  0.031  |  4.554  |  0.023  |  0.038  
  0.031  |  4.555  |  0.023  |  0.038  
 -0.062  |  4.554  | -0.069  | -0.054  
 -0.062  |  4.553  | -0.054  | -0.069  
  0.000  |  4.553  |  0.008  | -0.008  
  0.015  |  4.554  |  0.015  |  0.016  
 -0.031  |  4.553  | -0.031  | -0.031  
 -0.046  |  4.553  | -0.046  | -0.046  
  0.000  |  4.553  | -0.000  |  0.000  
  0.015  |  4.553  |  0.008  |  0.023  
 -0.015  |  4.553  | -0.008  | -0.023  
 -0.015  |  4.553  | -0.008  | -0.023  
 -0.077  |  4.552  | -0.077  | -0.077  
  0.046  |  4.552  |  0.038  |  0.054  
  0.092  |  4.553  |  0.100  |  0.085  
  0.015  |  4.553  |  0.015  |  0.015  
 -0.062  |  4.553  | -0.062  | -0.062  
  0.000  |  4.553  | -0.008  |  0.008  
  0.092  |  4.554  |  0.085  |  0.100  
  0.077  |  4.555  |  0.077  |  0.077  
  0.000  |  4.555  |  0.000  |  0.000  
 -0.015  |  4.554  | -0.015  | -0.015  
  0.077  |  4.555  |  0.069  |  0.085  
  0.123  |  4.556  |  0.115  |  0.131  
  0.046  |  4.557  |  0.038  |  0.054  
  0.015  |  4.557  |  0.015  |  0.015  
  0.046  |  4.557  |  0.054  |  0.038  
  0.139  |  4.559  |  0.139  |  0.139  
  0.108  |  4.560  |  0.107  |  0.108  
  0.031  |  4.560  |  0.023  |  0.038  
  0.046  |  4.561  |  0.038  |  0.054  
  0.123  |  4.562  |  0.115  |  0.131  
  0.154  |  4.563  |  0.162  |  0.146  
  0.092  |  4.564  |  0.092  |  0.092  
  0.046  |  4.565  |  0.046  |  0.046  
  0.092  |  4.566  |  0.085  |  0.100  
  0.169  |  4.567  |  0.162  |  0.177  
  0.154  |  4.569  |  0.162  |  0.146  
  0.077  |  4.570  |  0.085  |  0.069  
  0.092  |  4.571  |  0.093  |  0.092  
  0.154  |  4.572  |  0.154  |  0.154  
  0.200  |  4.574  |  0.200  |  0.200  
  0.123  |  4.575  |  0.115  |  0.131  
  0.092  |  4.576  |  0.092  |  0.093  
  0.139  |  4.578  |  0.131  |  0.146  
  0.216  |  4.580  |  0.216  |  0.216  
  0.185  |  4.582  |  0.185  |  0.185  
  0.108  |  4.583  |  0.100  |  0.115  
  0.200  |  4.586  |  0.208  |  0.192  
  0.631  |  4.593  |  0.631  |  0.631  
  0.108  |  4.594  |  0.100  |  0.115  
 -0.015  |  4.593  | -0.015  | -0.015  
  0.185  |  4.595  |  0.185  |  0.184  
  0.169  |  4.597  |  0.168  |  0.171  
 -0.046  |  4.597  | -0.045  | -0.047  

received SIGINT Ctrl-C
