CPU Frequency: 1000mhz
starting lcm thread... 
starting setpoint thread... 
starting print thread... 
initializing imu... 
initializing controller...
initializing motors...
initializing odometry...
attaching imu interupt...
we are running!!!

RUNNING...
SENSORS | ODOMETRY |
  X_DOT  |    X    |
  0.000  |  0.000  |  0.000  |  0.000  
  0.000  |  0.000  |  0.000  |  0.000  
  0.000  |  0.000  |  0.000  |  0.000  
  0.015  |  0.000  |  0.015  |  0.015  
  0.092  |  0.001  |  0.092  |  0.092  
  0.139  |  0.002  |  0.139  |  0.139  
  0.185  |  0.004  |  0.185  |  0.185  
  0.185  |  0.006  |  0.185  |  0.185  
  0.216  |  0.008  |  0.216  |  0.216  
  0.185  |  0.010  |  0.185  |  0.185  
  0.231  |  0.012  |  0.231  |  0.231  
  0.200  |  0.014  |  0.208  |  0.192  
  0.200  |  0.016  |  0.200  |  0.200  
  0.216  |  0.019  |  0.216  |  0.216  
  0.200  |  0.021  |  0.200  |  0.200  
  0.216  |  0.023  |  0.216  |  0.216  
  0.216  |  0.025  |  0.216  |  0.216  
  0.216  |  0.027  |  0.216  |  0.216  
  0.200  |  0.029  |  0.208  |  0.192  
  0.216  |  0.031  |  0.223  |  0.208  
  0.200  |  0.033  |  0.208  |  0.192  
  0.231  |  0.036  |  0.231  |  0.231  
  0.200  |  0.038  |  0.208  |  0.192  
  0.200  |  0.040  |  0.200  |  0.200  
  0.231  |  0.042  |  0.231  |  0.231  
  0.200  |  0.044  |  0.208  |  0.192  
  0.216  |  0.046  |  0.216  |  0.216  
  0.216  |  0.048  |  0.223  |  0.208  
  0.216  |  0.050  |  0.216  |  0.216  
  0.200  |  0.052  |  0.208  |  0.192  
  0.216  |  0.054  |  0.216  |  0.216  
  0.231  |  0.057  |  0.231  |  0.231  
  0.200  |  0.059  |  0.208  |  0.192  
  0.216  |  0.061  |  0.216  |  0.216  
  0.216  |  0.063  |  0.216  |  0.216  
  0.216  |  0.067  |  0.223  |  0.208  
  0.200  |  0.069  |  0.200  |  0.200  
  0.216  |  0.072  |  0.223  |  0.208  
  0.216  |  0.074  |  0.216  |  0.216  
  0.216  |  0.076  |  0.223  |  0.208  
  0.200  |  0.078  |  0.208  |  0.192  
  0.231  |  0.080  |  0.231  |  0.231  
  0.216  |  0.082  |  0.216  |  0.216  
  0.216  |  0.085  |  0.216  |  0.216  
  0.216  |  0.087  |  0.216  |  0.216  
  0.200  |  0.089  |  0.208  |  0.192  
  0.216  |  0.091  |  0.216  |  0.216  
  0.216  |  0.093  |  0.223  |  0.208  
  0.216  |  0.095  |  0.216  |  0.216  
  0.216  |  0.097  |  0.216  |  0.216  
  0.200  |  0.099  |  0.208  |  0.192  
  0.216  |  0.101  |  0.223  |  0.208  
  0.200  |  0.103  |  0.208  |  0.192  
  0.216  |  0.106  |  0.216  |  0.216  
  0.216  |  0.108  |  0.216  |  0.216  
  0.216  |  0.110  |  0.216  |  0.216  
  0.231  |  0.112  |  0.231  |  0.231  
  0.185  |  0.114  |  0.192  |  0.177  
  0.246  |  0.117  |  0.246  |  0.246  
  0.185  |  0.118  |  0.185  |  0.185  
  0.231  |  0.121  |  0.231  |  0.231  
  0.216  |  0.123  |  0.223  |  0.208  
  0.216  |  0.125  |  0.216  |  0.216  
  0.200  |  0.127  |  0.208  |  0.192  
  0.216  |  0.129  |  0.216  |  0.215  
  0.216  |  0.131  |  0.216  |  0.216  
  0.200  |  0.133  |  0.200  |  0.200  
  0.231  |  0.136  |  0.239  |  0.223  
  0.200  |  0.138  |  0.200  |  0.200  
  0.231  |  0.140  |  0.231  |  0.231  
  0.200  |  0.142  |  0.200  |  0.200  
  0.216  |  0.146  |  0.216  |  0.216  
  0.216  |  0.148  |  0.223  |  0.208  
  0.200  |  0.150  |  0.208  |  0.192  
  0.216  |  0.153  |  0.216  |  0.216  
  0.216  |  0.155  |  0.223  |  0.208  
  0.231  |  0.157  |  0.231  |  0.231  
  0.200  |  0.159  |  0.200  |  0.200  
  0.216  |  0.161  |  0.216  |  0.216  
  0.216  |  0.163  |  0.216  |  0.216  
  0.216  |  0.165  |  0.216  |  0.216  
  0.200  |  0.167  |  0.208  |  0.192  
  0.216  |  0.170  |  0.223  |  0.208  
  0.231  |  0.172  |  0.231  |  0.231  
  0.200  |  0.174  |  0.208  |  0.192  
  0.200  |  0.176  |  0.200  |  0.200  
  0.216  |  0.178  |  0.216  |  0.216  
  0.200  |  0.180  |  0.208  |  0.192  
  0.231  |  0.182  |  0.239  |  0.223  
  0.216  |  0.185  |  0.216  |  0.216  
  0.216  |  0.187  |  0.216  |  0.216  
  0.200  |  0.189  |  0.192  |  0.208  
  0.200  |  0.191  |  0.208  |  0.192  
  0.216  |  0.193  |  0.223  |  0.208  
  0.200  |  0.195  |  0.208  |  0.192  
  0.231  |  0.197  |  0.231  |  0.231  
  0.216  |  0.199  |  0.216  |  0.216  
  0.216  |  0.201  |  0.216  |  0.216  
  0.200  |  0.203  |  0.200  |  0.200  
  0.216  |  0.206  |  0.223  |  0.208  
  0.200  |  0.208  |  0.208  |  0.192  
  0.231  |  0.210  |  0.231  |  0.231  
  0.200  |  0.212  |  0.200  |  0.200  
  0.200  |  0.214  |  0.192  |  0.208  
  0.216  |  0.216  |  0.216  |  0.216  
  0.231  |  0.218  |  0.231  |  0.231  
  0.200  |  0.220  |  0.208  |  0.192  
  0.216  |  0.223  |  0.216  |  0.216  
  0.216  |  0.225  |  0.216  |  0.216  
  0.216  |  0.227  |  0.223  |  0.208  
  0.200  |  0.231  |  0.208  |  0.192  
  0.216  |  0.233  |  0.223  |  0.208  
  0.231  |  0.235  |  0.231  |  0.231  
  0.200  |  0.237  |  0.200  |  0.200  
  0.231  |  0.240  |  0.231  |  0.231  
  0.200  |  0.242  |  0.208  |  0.192  
  0.216  |  0.244  |  0.208  |  0.223  
  0.185  |  0.246  |  0.185  |  0.185  
  0.231  |  0.248  |  0.231  |  0.231  
  0.216  |  0.250  |  0.215  |  0.216  
  0.200  |  0.252  |  0.200  |  0.200  
  0.200  |  0.254  |  0.208  |  0.192  
  0.216  |  0.256  |  0.223  |  0.208  
  0.200  |  0.258  |  0.208  |  0.192  
  0.231  |  0.261  |  0.231  |  0.231  
  0.216  |  0.263  |  0.216  |  0.216  
  0.216  |  0.265  |  0.223  |  0.208  
  0.200  |  0.267  |  0.208  |  0.192  
  0.216  |  0.269  |  0.216  |  0.216  
  0.216  |  0.271  |  0.216  |  0.216  
  0.231  |  0.274  |  0.239  |  0.223  
  0.200  |  0.276  |  0.200  |  0.200  
  0.216  |  0.278  |  0.223  |  0.208  
  0.200  |  0.280  |  0.208  |  0.192  
  0.231  |  0.282  |  0.231  |  0.231  
  0.216  |  0.284  |  0.216  |  0.216  
  0.216  |  0.286  |  0.216  |  0.216  
  0.200  |  0.288  |  0.200  |  0.200  
  0.216  |  0.291  |  0.208  |  0.223  
  0.200  |  0.293  |  0.208  |  0.192  
  0.231  |  0.295  |  0.231  |  0.231  
  0.200  |  0.297  |  0.200  |  0.200  
  0.200  |  0.299  |  0.208  |  0.192  
  0.231  |  0.301  |  0.223  |  0.239  
  0.200  |  0.303  |  0.200  |  0.200  
  0.231  |  0.306  |  0.239  |  0.223  
  0.200  |  0.308  |  0.208  |  0.192  
  0.200  |  0.312  |  0.208  |  0.192  
  0.231  |  0.314  |  0.231  |  0.231  
  0.200  |  0.316  |  0.208  |  0.192  
  0.216  |  0.318  |  0.216  |  0.216  
  0.231  |  0.320  |  0.239  |  0.223  
  0.216  |  0.322  |  0.216  |  0.216  
  0.216  |  0.325  |  0.216  |  0.216  
  0.200  |  0.327  |  0.200  |  0.200  
  0.231  |  0.329  |  0.239  |  0.223  
  0.200  |  0.331  |  0.200  |  0.200  
  0.216  |  0.333  |  0.208  |  0.223  
  0.200  |  0.335  |  0.208  |  0.192  
  0.216  |  0.337  |  0.223  |  0.208  
  0.200  |  0.339  |  0.208  |  0.192  
  0.231  |  0.342  |  0.231  |  0.231  
  0.200  |  0.344  |  0.208  |  0.192  
  0.216  |  0.346  |  0.208  |  0.223  
  0.200  |  0.348  |  0.208  |  0.192  
  0.216  |  0.350  |  0.216  |  0.216  
  0.200  |  0.352  |  0.208  |  0.192  
  0.216  |  0.354  |  0.223  |  0.208  
  0.216  |  0.356  |  0.208  |  0.223  
  0.200  |  0.358  |  0.208  |  0.192  
  0.216  |  0.360  |  0.216  |  0.216  
  0.216  |  0.362  |  0.216  |  0.216  
  0.216  |  0.365  |  0.223  |  0.208  
  0.216  |  0.367  |  0.216  |  0.216  
  0.216  |  0.369  |  0.216  |  0.216  
  0.216  |  0.371  |  0.216  |  0.216  
  0.216  |  0.373  |  0.216  |  0.216  
  0.216  |  0.375  |  0.223  |  0.208  
  0.216  |  0.377  |  0.216  |  0.216  
  0.200  |  0.379  |  0.200  |  0.200  
  0.216  |  0.382  |  0.223  |  0.208  
  0.216  |  0.384  |  0.216  |  0.216  
  0.216  |  0.386  |  0.208  |  0.223  
  0.200  |  0.388  |  0.208  |  0.192  
  0.216  |  0.390  |  0.223  |  0.208  
  0.216  |  0.394  |  0.216  |  0.216  
  0.216  |  0.394  |  0.216  |  0.216  
  0.200  |  0.399  |  0.208  |  0.192  
  0.216  |  0.401  |  0.216  |  0.216  
  0.216  |  0.403  |  0.223  |  0.208  
  0.216  |  0.405  |  0.216  |  0.216  
  0.216  |  0.407  |  0.216  |  0.216  
  0.216  |  0.409  |  0.223  |  0.208  
  0.200  |  0.411  |  0.192  |  0.208  
  0.216  |  0.413  |  0.216  |  0.216  
  0.216  |  0.416  |  0.216  |  0.216  
  0.216  |  0.418  |  0.216  |  0.216  
  0.200  |  0.420  |  0.208  |  0.192  
  0.231  |  0.422  |  0.231  |  0.231  
  0.200  |  0.424  |  0.208  |  0.192  
  0.216  |  0.426  |  0.216  |  0.216  
  0.200  |  0.428  |  0.208  |  0.192  
  0.231  |  0.431  |  0.231  |  0.231  
  0.200  |  0.433  |  0.208  |  0.192  
  0.216  |  0.435  |  0.216  |  0.216  
  0.200  |  0.437  |  0.192  |  0.208  
  0.216  |  0.439  |  0.223  |  0.208  
  0.216  |  0.441  |  0.216  |  0.216  
  0.216  |  0.443  |  0.223  |  0.208  
  0.216  |  0.445  |  0.216  |  0.216  
  0.231  |  0.448  |  0.231  |  0.231  
  0.185  |  0.449  |  0.192  |  0.177  
  0.216  |  0.452  |  0.223  |  0.208  
  0.200  |  0.454  |  0.192  |  0.208  
  0.231  |  0.456  |  0.231  |  0.231  
  0.216  |  0.458  |  0.216  |  0.216  
  0.200  |  0.462  |  0.208  |  0.192  
  0.216  |  0.464  |  0.208  |  0.223  
  0.200  |  0.466  |  0.208  |  0.192  
  0.216  |  0.468  |  0.223  |  0.208  
  0.216  |  0.471  |  0.216  |  0.216  
  0.216  |  0.473  |  0.223  |  0.208  
  0.200  |  0.475  |  0.208  |  0.192  
  0.231  |  0.477  |  0.231  |  0.231  
  0.200  |  0.479  |  0.192  |  0.208  
  0.216  |  0.481  |  0.216  |  0.216  
  0.216  |  0.483  |  0.223  |  0.208  
  0.216  |  0.485  |  0.216  |  0.216  
  0.216  |  0.488  |  0.216  |  0.216  
  0.216  |  0.490  |  0.223  |  0.208  
  0.200  |  0.492  |  0.208  |  0.192  
  0.200  |  0.494  |  0.208  |  0.192  
  0.216  |  0.496  |  0.208  |  0.223  
  0.200  |  0.498  |  0.208  |  0.192  
  0.231  |  0.500  |  0.231  |  0.231  
  0.200  |  0.502  |  0.208  |  0.192  
  0.216  |  0.504  |  0.216  |  0.216  
  0.216  |  0.506  |  0.223  |  0.208  
  0.200  |  0.508  |  0.208  |  0.192  
  0.216  |  0.511  |  0.208  |  0.223  
  0.216  |  0.513  |  0.223  |  0.208  
  0.216  |  0.515  |  0.216  |  0.216  
  0.200  |  0.517  |  0.208  |  0.192  
  0.216  |  0.519  |  0.208  |  0.223  
  0.216  |  0.521  |  0.216  |  0.216  
  0.200  |  0.523  |  0.200  |  0.200  
  0.231  |  0.526  |  0.231  |  0.231  
  0.200  |  0.528  |  0.208  |  0.192  
  0.216  |  0.532  |  0.216  |  0.216  
  0.216  |  0.534  |  0.223  |  0.208  
  0.216  |  0.536  |  0.223  |  0.208  
  0.216  |  0.538  |  0.216  |  0.216  
  0.216  |  0.540  |  0.216  |  0.216  
  0.216  |  0.543  |  0.216  |  0.216  
  0.200  |  0.545  |  0.208  |  0.192  
  0.216  |  0.547  |  0.208  |  0.223  
  0.200  |  0.549  |  0.208  |  0.192  
  0.216  |  0.551  |  0.216  |  0.216  
  0.216  |  0.553  |  0.216  |  0.216  
  0.231  |  0.555  |  0.231  |  0.231  
  0.200  |  0.557  |  0.200  |  0.200  
  0.231  |  0.560  |  0.231  |  0.231  
  0.200  |  0.562  |  0.200  |  0.200  
  0.216  |  0.564  |  0.223  |  0.208  
  0.216  |  0.566  |  0.223  |  0.208  
  0.216  |  0.568  |  0.216  |  0.216  
  0.200  |  0.570  |  0.208  |  0.192  
  0.231  |  0.572  |  0.231  |  0.231  
  0.200  |  0.574  |  0.192  |  0.208  
  0.200  |  0.576  |  0.208  |  0.192  
  0.216  |  0.579  |  0.223  |  0.208  
  0.231  |  0.581  |  0.231  |  0.231  
  0.216  |  0.583  |  0.216  |  0.216  
  0.216  |  0.585  |  0.216  |  0.216  
  0.200  |  0.587  |  0.192  |  0.208  
  0.216  |  0.589  |  0.223  |  0.208  
  0.185  |  0.591  |  0.192  |  0.177  
  0.216  |  0.593  |  0.223  |  0.208  
  0.216  |  0.595  |  0.216  |  0.216  
  0.216  |  0.598  |  0.216  |  0.216  
  0.200  |  0.600  |  0.208  |  0.192  
  0.216  |  0.602  |  0.216  |  0.216  
  0.231  |  0.604  |  0.231  |  0.231  
  0.216  |  0.606  |  0.216  |  0.216  
  0.216  |  0.608  |  0.216  |  0.216  
  0.200  |  0.613  |  0.208  |  0.192  
  0.216  |  0.615  |  0.223  |  0.208  
  0.200  |  0.617  |  0.200  |  0.200  
  0.231  |  0.619  |  0.223  |  0.239  
  0.200  |  0.621  |  0.208  |  0.192  
  0.231  |  0.623  |  0.231  |  0.231  
  0.200  |  0.625  |  0.208  |  0.192  
  0.216  |  0.627  |  0.223  |  0.208  
  0.216  |  0.630  |  0.216  |  0.216  
  0.216  |  0.632  |  0.216  |  0.216  
  0.216  |  0.634  |  0.216  |  0.216  
  0.216  |  0.636  |  0.223  |  0.208  
  0.216  |  0.638  |  0.216  |  0.216  
  0.200  |  0.640  |  0.208  |  0.192  
  0.216  |  0.642  |  0.223  |  0.208  
  0.200  |  0.644  |  0.200  |  0.200  
  0.216  |  0.646  |  0.216  |  0.216  
  0.216  |  0.649  |  0.223  |  0.208  
  0.216  |  0.651  |  0.216  |  0.216  
  0.216  |  0.653  |  0.216  |  0.216  
  0.216  |  0.655  |  0.223  |  0.208  
  0.216  |  0.657  |  0.216  |  0.216  
  0.216  |  0.659  |  0.216  |  0.216  
  0.216  |  0.662  |  0.223  |  0.208  
  0.216  |  0.664  |  0.216  |  0.216  
  0.216  |  0.666  |  0.216  |  0.216  
  0.200  |  0.668  |  0.208  |  0.192  
  0.216  |  0.670  |  0.216  |  0.216  
  0.231  |  0.672  |  0.231  |  0.231  
  0.216  |  0.674  |  0.216  |  0.216  
  0.216  |  0.677  |  0.223  |  0.208  
  0.200  |  0.679  |  0.200  |  0.200  
  0.200  |  0.681  |  0.208  |  0.192  
  0.216  |  0.683  |  0.216  |  0.216  
  0.216  |  0.685  |  0.216  |  0.216  
  0.216  |  0.687  |  0.223  |  0.208  
  0.216  |  0.689  |  0.223  |  0.208  
  0.231  |  0.691  |  0.231  |  0.231  
  0.200  |  0.693  |  0.200  |  0.200  
  0.216  |  0.698  |  0.223  |  0.208  
  0.216  |  0.700  |  0.216  |  0.216  
  0.216  |  0.702  |  0.216  |  0.216  
  0.231  |  0.704  |  0.239  |  0.223  
  0.185  |  0.706  |  0.192  |  0.177  
  0.216  |  0.708  |  0.216  |  0.216  
  0.231  |  0.710  |  0.231  |  0.231  
  0.216  |  0.713  |  0.216  |  0.216  
  0.216  |  0.715  |  0.223  |  0.208  
  0.216  |  0.717  |  0.216  |  0.216  
  0.200  |  0.719  |  0.208  |  0.192  
  0.216  |  0.721  |  0.208  |  0.223  
  0.200  |  0.723  |  0.200  |  0.200  
  0.231  |  0.725  |  0.231  |  0.231  
  0.200  |  0.727  |  0.208  |  0.192  
  0.216  |  0.730  |  0.223  |  0.208  
  0.216  |  0.732  |  0.216  |  0.216  
  0.216  |  0.734  |  0.223  |  0.208  
  0.200  |  0.736  |  0.200  |  0.200  
  0.216  |  0.738  |  0.223  |  0.208  
  0.231  |  0.740  |  0.231  |  0.231  
  0.200  |  0.742  |  0.200  |  0.200  
  0.200  |  0.744  |  0.208  |  0.192  
  0.231  |  0.747  |  0.239  |  0.223  
  0.200  |  0.749  |  0.200  |  0.200  
  0.231  |  0.751  |  0.231  |  0.231  
  0.216  |  0.753  |  0.216  |  0.216  
  0.185  |  0.755  |  0.192  |  0.177  
  0.200  |  0.757  |  0.208  |  0.192  
  0.231  |  0.759  |  0.231  |  0.231  
  0.200  |  0.761  |  0.192  |  0.208  
  0.231  |  0.763  |  0.239  |  0.223  
  0.200  |  0.765  |  0.200  |  0.200  
  0.216  |  0.768  |  0.223  |  0.208  
  0.231  |  0.770  |  0.231  |  0.231  
  0.200  |  0.772  |  0.200  |  0.200  
  0.216  |  0.774  |  0.223  |  0.208  
  0.200  |  0.778  |  0.208  |  0.192  
  0.231  |  0.780  |  0.231  |  0.231  
  0.216  |  0.783  |  0.216  |  0.216  
  0.216  |  0.785  |  0.216  |  0.216  
  0.216  |  0.787  |  0.223  |  0.208  
  0.216  |  0.789  |  0.216  |  0.216  
  0.216  |  0.791  |  0.216  |  0.216  
  0.200  |  0.793  |  0.200  |  0.200  
  0.231  |  0.795  |  0.231  |  0.231  
  0.200  |  0.797  |  0.208  |  0.192  
  0.216  |  0.800  |  0.223  |  0.208  
  0.200  |  0.802  |  0.192  |  0.208  
  0.216  |  0.804  |  0.223  |  0.208  
  0.216  |  0.806  |  0.216  |  0.216  
  0.231  |  0.808  |  0.231  |  0.231  
  0.185  |  0.810  |  0.192  |  0.177  
  0.231  |  0.812  |  0.239  |  0.223  
  0.200  |  0.814  |  0.200  |  0.200  
  0.231  |  0.817  |  0.231  |  0.231  
  0.200  |  0.819  |  0.200  |  0.200  
  0.231  |  0.821  |  0.231  |  0.231  
  0.200  |  0.823  |  0.208  |  0.192  
  0.231  |  0.825  |  0.231  |  0.231  
  0.216  |  0.827  |  0.216  |  0.216  
  0.216  |  0.830  |  0.216  |  0.216  
  0.200  |  0.832  |  0.208  |  0.192  
  0.216  |  0.834  |  0.216  |  0.216  
  0.216  |  0.836  |  0.223  |  0.208  
  0.216  |  0.838  |  0.216  |  0.216  
  0.200  |  0.840  |  0.208  |  0.192  
  0.216  |  0.842  |  0.216  |  0.216  
  0.231  |  0.844  |  0.231  |  0.231  
  0.216  |  0.847  |  0.223  |  0.208  
  0.200  |  0.849  |  0.200  |  0.200  
  0.231  |  0.851  |  0.231  |  0.231  
  0.200  |  0.853  |  0.200  |  0.200  
  0.200  |  0.855  |  0.208  |  0.192  
  0.216  |  0.857  |  0.216  |  0.216  
  0.200  |  0.859  |  0.208  |  0.192  
  0.216  |  0.861  |  0.223  |  0.208  
  0.231  |  0.863  |  0.231  |  0.231  
  0.216  |  0.866  |  0.216  |  0.216  
  0.216  |  0.868  |  0.216  |  0.216  
  0.200  |  0.872  |  0.192  |  0.208  
  0.216  |  0.874  |  0.223  |  0.208  
  0.216  |  0.876  |  0.216  |  0.216  
  0.216  |  0.878  |  0.223  |  0.208  
  0.216  |  0.880  |  0.216  |  0.216  
  0.216  |  0.883  |  0.216  |  0.216  
  0.216  |  0.885  |  0.223  |  0.208  
  0.200  |  0.887  |  0.200  |  0.200  
  0.216  |  0.889  |  0.223  |  0.208  
  0.216  |  0.891  |  0.216  |  0.216  
  0.216  |  0.893  |  0.216  |  0.216  
  0.216  |  0.895  |  0.216  |  0.216  
  0.216  |  0.897  |  0.223  |  0.208  
  0.216  |  0.900  |  0.223  |  0.208  
  0.216  |  0.902  |  0.216  |  0.216  
  0.216  |  0.904  |  0.216  |  0.216  
  0.216  |  0.906  |  0.216  |  0.216  
  0.200  |  0.908  |  0.192  |  0.208  
  0.216  |  0.910  |  0.216  |  0.216  
  0.216  |  0.912  |  0.216  |  0.216  
  0.200  |  0.914  |  0.208  |  0.192  
  0.216  |  0.916  |  0.216  |  0.216  
  0.216  |  0.919  |  0.216  |  0.216  
  0.216  |  0.921  |  0.223  |  0.208  
  0.216  |  0.923  |  0.216  |  0.216  
  0.216  |  0.925  |  0.223  |  0.208  
  0.200  |  0.927  |  0.200  |  0.200  
  0.216  |  0.929  |  0.223  |  0.208  
  0.200  |  0.931  |  0.200  |  0.200  
  0.216  |  0.933  |  0.223  |  0.208  
  0.231  |  0.936  |  0.231  |  0.231  
  0.231  |  0.938  |  0.231  |  0.231  
  0.200  |  0.940  |  0.200  |  0.200  
  0.200  |  0.944  |  0.200  |  0.200  
  0.231  |  0.946  |  0.231  |  0.231  
  0.216  |  0.948  |  0.223  |  0.208  
  0.216  |  0.951  |  0.216  |  0.216  
  0.216  |  0.953  |  0.223  |  0.208  
  0.185  |  0.955  |  0.185  |  0.185  
  0.216  |  0.957  |  0.208  |  0.223  
  0.216  |  0.959  |  0.223  |  0.208  
  0.216  |  0.961  |  0.223  |  0.208  
  0.216  |  0.963  |  0.216  |  0.216  
  0.216  |  0.965  |  0.216  |  0.216  
  0.216  |  0.967  |  0.216  |  0.216  
  0.216  |  0.970  |  0.216  |  0.216  
  0.216  |  0.972  |  0.216  |  0.216  
  0.216  |  0.974  |  0.216  |  0.216  
  0.216  |  0.976  |  0.223  |  0.208  
  0.216  |  0.978  |  0.216  |  0.216  
  0.200  |  0.980  |  0.200  |  0.200  
  0.231  |  0.982  |  0.239  |  0.223  
  0.200  |  0.984  |  0.200  |  0.200  
  0.216  |  0.987  |  0.223  |  0.208  
  0.216  |  0.989  |  0.216  |  0.216  
  0.231  |  0.991  |  0.231  |  0.231  
  0.200  |  0.993  |  0.200  |  0.200  
  0.216  |  0.995  |  0.208  |  0.223  
  0.200  |  0.997  |  0.208  |  0.192  
  0.216  |  0.999  |  0.223  |  0.208  
  0.216  |  1.001  |  0.216  |  0.216  
  0.216  |  1.004  |  0.223  |  0.208  
  0.200  |  1.006  |  0.208  |  0.192  
  0.216  |  1.008  |  0.216  |  0.216  
  0.216  |  1.010  |  0.216  |  0.216  
  0.216  |  1.012  |  0.216  |  0.216  
  0.216  |  1.014  |  0.216  |  0.216  
  0.216  |  1.016  |  0.216  |  0.216  
  0.200  |  1.018  |  0.208  |  0.192  
  0.216  |  1.020  |  0.216  |  0.216  
  0.231  |  1.023  |  0.231  |  0.231  
  0.216  |  1.025  |  0.216  |  0.216  
  0.200  |  1.029  |  0.208  |  0.192  
  0.200  |  1.029  |  0.208  |  0.192  
  0.185  |  1.033  |  0.185  |  0.185  
  0.231  |  1.035  |  0.231  |  0.231  
  0.200  |  1.037  |  0.208  |  0.192  
  0.216  |  1.039  |  0.223  |  0.208  
  0.216  |  1.042  |  0.216  |  0.216  
  0.231  |  1.044  |  0.231  |  0.231  
  0.200  |  1.046  |  0.200  |  0.200  
  0.216  |  1.048  |  0.223  |  0.208  
  0.216  |  1.050  |  0.216  |  0.216  
  0.200  |  1.052  |  0.200  |  0.200  
  0.231  |  1.054  |  0.231  |  0.231  
  0.200  |  1.056  |  0.200  |  0.200  
  0.216  |  1.059  |  0.216  |  0.216  
  0.216  |  1.061  |  0.216  |  0.216  
  0.216  |  1.063  |  0.200  |  0.200  
  0.231  |  1.067  |  0.231  |  0.231  
  0.231  |  1.069  |  0.231  |  0.231  
  0.200  |  1.071  |  0.208  |  0.192  
  0.216  |  1.074  |  0.216  |  0.216  
  0.216  |  1.076  |  0.216  |  0.216  
  0.200  |  1.078  |  0.200  |  0.200  
  0.216  |  1.080  |  0.223  |  0.208  
  0.216  |  1.082  |  0.216  |  0.216  
  0.216  |  1.084  |  0.216  |  0.216  
  0.216  |  1.086  |  0.216  |  0.216  
  0.216  |  1.088  |  0.216  |  0.216  
  0.216  |  1.091  |  0.223  |  0.208  
  0.216  |  1.093  |  0.216  |  0.216  
  0.216  |  1.095  |  0.223  |  0.208  
  0.185  |  1.097  |  0.192  |  0.177  
  0.246  |  1.099  |  0.246  |  0.246  
  0.200  |  1.101  |  0.200  |  0.200  
  0.216  |  1.103  |  0.223  |  0.208  
  0.200  |  1.105  |  0.208  |  0.192  
  0.216  |  1.107  |  0.223  |  0.208  
  0.200  |  1.109  |  0.200  |  0.200  
  0.231  |  1.112  |  0.231  |  0.231  
  0.216  |  1.114  |  0.216  |  0.216  
  0.216  |  1.116  |  0.216  |  0.216  
  0.216  |  1.118  |  0.223  |  0.208  
  0.216  |  1.120  |  0.216  |  0.216  
  0.200  |  1.122  |  0.208  |  0.192  
  0.216  |  1.124  |  0.208  |  0.223  
  0.200  |  1.126  |  0.208  |  0.192  
  0.216  |  1.128  |  0.216  |  0.216  
  0.216  |  1.131  |  0.216  |  0.216  
  0.216  |  1.133  |  0.216  |  0.216  
  0.216  |  1.135  |  0.216  |  0.216  
  0.216  |  1.137  |  0.216  |  0.216  
  0.216  |  1.139  |  0.216  |  0.216  
  0.216  |  1.141  |  0.216  |  0.216  
  0.200  |  1.145  |  0.208  |  0.192  
  0.216  |  1.148  |  0.216  |  0.216  
  0.216  |  1.150  |  0.216  |  0.216  
  0.200  |  1.152  |  0.208  |  0.192  
  0.216  |  1.154  |  0.216  |  0.216  
  0.231  |  1.156  |  0.231  |  0.231  
  0.200  |  1.158  |  0.208  |  0.192  
  0.216  |  1.160  |  0.223  |  0.208  
  0.216  |  1.162  |  0.208  |  0.223  
  0.200  |  1.164  |  0.208  |  0.192  
  0.216  |  1.166  |  0.223  |  0.208  
  0.216  |  1.169  |  0.216  |  0.216  
  0.216  |  1.171  |  0.216  |  0.216  
  0.216  |  1.173  |  0.216  |  0.216  
  0.200  |  1.175  |  0.208  |  0.192  
  0.216  |  1.177  |  0.208  |  0.223  
  0.216  |  1.179  |  0.223  |  0.208  
  0.216  |  1.181  |  0.216  |  0.216  
  0.216  |  1.183  |  0.223  |  0.208  
  0.216  |  1.186  |  0.216  |  0.216  
  0.200  |  1.188  |  0.208  |  0.192  
  0.216  |  1.190  |  0.223  |  0.208  
  0.216  |  1.192  |  0.216  |  0.216  
  0.216  |  1.194  |  0.216  |  0.216  
  0.200  |  1.196  |  0.208  |  0.192  
  0.216  |  1.198  |  0.216  |  0.216  
  0.216  |  1.200  |  0.216  |  0.216  
  0.216  |  1.202  |  0.216  |  0.216  
  0.231  |  1.205  |  0.239  |  0.223  
  0.200  |  1.207  |  0.208  |  0.192  
  0.216  |  1.209  |  0.216  |  0.216  
  0.216  |  1.213  |  0.216  |  0.216  
  0.216  |  1.213  |  0.216  |  0.216  
  0.216  |  1.215  |  0.223  |  0.208  
  0.200  |  1.219  |  0.200  |  0.200  
  0.231  |  1.221  |  0.231  |  0.231  
  0.200  |  1.223  |  0.200  |  0.200  
  0.231  |  1.226  |  0.239  |  0.223  
  0.216  |  1.228  |  0.216  |  0.216  
  0.216  |  1.230  |  0.223  |  0.208  
  0.200  |  1.232  |  0.200  |  0.200  
  0.216  |  1.234  |  0.216  |  0.216  
  0.216  |  1.236  |  0.216  |  0.216  
  0.216  |  1.238  |  0.223  |  0.208  
  0.216  |  1.241  |  0.223  |  0.208  
  0.216  |  1.243  |  0.208  |  0.223  
  0.200  |  1.245  |  0.200  |  0.200  
  0.216  |  1.247  |  0.216  |  0.216  
  0.216  |  1.249  |  0.216  |  0.216  
  0.216  |  1.251  |  0.216  |  0.216  
  0.200  |  1.253  |  0.208  |  0.192  
  0.216  |  1.255  |  0.216  |  0.216  
  0.216  |  1.257  |  0.216  |  0.216  
  0.216  |  1.259  |  0.223  |  0.208  
  0.200  |  1.261  |  0.200  |  0.200  
  0.216  |  1.264  |  0.216  |  0.215  
  0.231  |  1.266  |  0.231  |  0.231  
  0.200  |  1.268  |  0.208  |  0.192  
  0.216  |  1.270  |  0.216  |  0.216  
  0.200  |  1.272  |  0.208  |  0.192  
  0.246  |  1.274  |  0.246  |  0.246  
  0.200  |  1.276  |  0.208  |  0.192  
  0.200  |  1.278  |  0.192  |  0.208  
  0.216  |  1.280  |  0.223  |  0.208  
  0.200  |  1.282  |  0.208  |  0.192  
  0.231  |  1.285  |  0.231  |  0.231  
  0.200  |  1.287  |  0.208  |  0.192  
  0.231  |  1.289  |  0.231  |  0.231  
  0.200  |  1.293  |  0.208  |  0.192  
  0.216  |  1.295  |  0.216  |  0.216  
  0.216  |  1.297  |  0.216  |  0.216  
  0.231  |  1.300  |  0.239  |  0.223  
  0.216  |  1.302  |  0.216  |  0.216  
  0.200  |  1.304  |  0.200  |  0.200  
  0.216  |  1.306  |  0.215  |  0.216  
  0.231  |  1.308  |  0.231  |  0.231  
  0.216  |  1.310  |  0.216  |  0.216  
  0.216  |  1.312  |  0.216  |  0.216  
  0.200  |  1.314  |  0.208  |  0.192  
  0.200  |  1.316  |  0.208  |  0.192  
  0.216  |  1.318  |  0.216  |  0.216  
  0.216  |  1.321  |  0.216  |  0.216  
  0.231  |  1.323  |  0.231  |  0.231  
  0.200  |  1.325  |  0.200  |  0.200  
  0.216  |  1.327  |  0.216  |  0.216  
  0.200  |  1.329  |  0.208  |  0.192  
  0.216  |  1.331  |  0.216  |  0.216  
  0.216  |  1.333  |  0.216  |  0.216  
  0.216  |  1.335  |  0.223  |  0.208  
  0.216  |  1.337  |  0.223  |  0.208  
  0.200  |  1.339  |  0.192  |  0.208  
  0.216  |  1.342  |  0.216  |  0.216  
  0.200  |  1.344  |  0.208  |  0.192  
  0.231  |  1.346  |  0.231  |  0.231  
  0.200  |  1.348  |  0.200  |  0.200  
  0.216  |  1.350  |  0.216  |  0.216  
  0.216  |  1.352  |  0.216  |  0.216  
  0.231  |  1.354  |  0.231  |  0.231  
  0.216  |  1.357  |  0.223  |  0.208  
  0.200  |  1.359  |  0.208  |  0.192  
  0.200  |  1.360  |  0.200  |  0.200  
  0.231  |  1.363  |  0.231  |  0.231  
  0.200  |  1.365  |  0.208  |  0.192  
  0.216  |  1.367  |  0.208  |  0.223  
  0.200  |  1.369  |  0.200  |  0.200  
  0.200  |  1.373  |  0.208  |  0.192  
  0.200  |  1.373  |  0.208  |  0.192  
  0.185  |  1.377  |  0.177  |  0.192  
  0.231  |  1.380  |  0.231  |  0.231  
  0.200  |  1.382  |  0.200  |  0.200  
  0.231  |  1.384  |  0.239  |  0.223  
  0.200  |  1.386  |  0.208  |  0.192  
  0.216  |  1.388  |  0.216  |  0.216  
  0.216  |  1.390  |  0.216  |  0.216  
  0.231  |  1.392  |  0.231  |  0.231  
  0.216  |  1.394  |  0.223  |  0.208  
  0.216  |  1.397  |  0.216  |  0.216  
  0.216  |  1.399  |  0.216  |  0.216  
  0.200  |  1.401  |  0.208  |  0.192  
  0.216  |  1.403  |  0.216  |  0.216  
  0.216  |  1.405  |  0.223  |  0.208  
  0.216  |  1.407  |  0.216  |  0.216  
  0.200  |  1.409  |  0.208  |  0.192  
  0.216  |  1.411  |  0.223  |  0.208  
  0.200  |  1.413  |  0.192  |  0.208  
  0.216  |  1.415  |  0.223  |  0.208  
  0.216  |  1.417  |  0.216  |  0.216  
  0.216  |  1.420  |  0.216  |  0.216  
  0.231  |  1.422  |  0.231  |  0.231  
  0.216  |  1.424  |  0.223  |  0.208  
  0.200  |  1.426  |  0.208  |  0.192  
  0.200  |  1.428  |  0.200  |  0.200  
  0.216  |  1.430  |  0.216  |  0.216  
  0.231  |  1.432  |  0.231  |  0.231  
  0.216  |  1.434  |  0.216  |  0.216  
  0.200  |  1.436  |  0.208  |  0.192  
  0.216  |  1.439  |  0.216  |  0.216  
  0.231  |  1.441  |  0.231  |  0.231  
  0.200  |  1.443  |  0.208  |  0.192  
  0.216  |  1.447  |  0.216  |  0.216  
  0.216  |  1.449  |  0.216  |  0.216  
  0.216  |  1.451  |  0.223  |  0.208  
  0.216  |  1.453  |  0.216  |  0.216  
  0.216  |  1.456  |  0.223  |  0.208  
  0.216  |  1.458  |  0.216  |  0.216  
  0.216  |  1.460  |  0.216  |  0.216  
  0.200  |  1.462  |  0.200  |  0.200  
  0.231  |  1.464  |  0.231  |  0.231  
  0.200  |  1.466  |  0.208  |  0.192  
  0.216  |  1.468  |  0.208  |  0.223  
  0.216  |  1.470  |  0.216  |  0.216  
  0.216  |  1.472  |  0.216  |  0.216  
  0.216  |  1.475  |  0.216  |  0.216  
  0.216  |  1.477  |  0.216  |  0.216  
  0.200  |  1.479  |  0.208  |  0.192  
  0.216  |  1.481  |  0.223  |  0.208  
  0.216  |  1.483  |  0.216  |  0.216  
  0.216  |  1.485  |  0.208  |  0.223  
  0.200  |  1.487  |  0.208  |  0.192  
  0.231  |  1.489  |  0.231  |  0.231  
  0.200  |  1.491  |  0.208  |  0.192  
  0.216  |  1.493  |  0.223  |  0.208  
  0.200  |  1.495  |  0.208  |  0.192  
  0.216  |  1.498  |  0.208  |  0.223  
  0.216  |  1.500  |  0.223  |  0.208  
  0.216  |  1.502  |  0.216  |  0.216  
  0.216  |  1.504  |  0.216  |  0.216  
  0.200  |  1.506  |  0.192  |  0.208  
  0.200  |  1.508  |  0.200  |  0.200  
  0.216  |  1.510  |  0.223  |  0.208  
  0.216  |  1.512  |  0.223  |  0.208  
  0.216  |  1.514  |  0.216  |  0.216  
  0.216  |  1.516  |  0.216  |  0.216  
  0.216  |  1.519  |  0.216  |  0.216  
  0.216  |  1.521  |  0.216  |  0.216  
  0.216  |  1.523  |  0.216  |  0.216  
  0.216  |  1.527  |  0.216  |  0.216  
  0.216  |  1.529  |  0.216  |  0.216  
  0.216  |  1.531  |  0.216  |  0.216  
  0.200  |  1.533  |  0.208  |  0.192  
  0.216  |  1.535  |  0.223  |  0.208  
  0.200  |  1.537  |  0.208  |  0.192  
  0.216  |  1.540  |  0.208  |  0.223  
  0.200  |  1.541  |  0.208  |  0.192  
  0.216  |  1.544  |  0.216  |  0.216  
  0.200  |  1.546  |  0.208  |  0.192  
  0.216  |  1.548  |  0.223  |  0.208  
  0.216  |  1.550  |  0.216  |  0.216  
  0.231  |  1.552  |  0.231  |  0.231  
  0.200  |  1.554  |  0.200  |  0.200  
  0.216  |  1.556  |  0.223  |  0.208  
  0.200  |  1.558  |  0.200  |  0.200  
  0.231  |  1.560  |  0.231  |  0.231  
  0.200  |  1.562  |  0.208  |  0.192  
  0.216  |  1.565  |  0.223  |  0.208  
  0.200  |  1.567  |  0.208  |  0.192  
  0.231  |  1.569  |  0.231  |  0.231  
  0.200  |  1.571  |  0.200  |  0.200  
  0.200  |  1.573  |  0.192  |  0.208  
  0.231  |  1.575  |  0.231  |  0.231  
  0.216  |  1.577  |  0.216  |  0.216  
  0.200  |  1.579  |  0.208  |  0.192  
  0.216  |  1.581  |  0.223  |  0.208  
  0.216  |  1.583  |  0.216  |  0.216  
  0.200  |  1.585  |  0.192  |  0.208  
  0.200  |  1.587  |  0.208  |  0.192  
  0.216  |  1.589  |  0.208  |  0.223  
  0.200  |  1.591  |  0.208  |  0.192  
  0.216  |  1.594  |  0.223  |  0.208  
  0.231  |  1.596  |  0.223  |  0.239  
  0.185  |  1.598  |  0.185  |  0.185  
  0.231  |  1.600  |  0.231  |  0.231  
  0.216  |  1.602  |  0.223  |  0.208  
  0.216  |  1.604  |  0.216  |  0.216  
  0.200  |  1.608  |  0.200  |  0.200  
  0.216  |  1.610  |  0.223  |  0.208  
  0.231  |  1.613  |  0.231  |  0.231  
  0.200  |  1.615  |  0.208  |  0.192  
  0.216  |  1.617  |  0.216  |  0.216  
  0.200  |  1.619  |  0.208  |  0.192  
  0.231  |  1.621  |  0.231  |  0.231  
  0.200  |  1.623  |  0.208  |  0.192  
  0.231  |  1.625  |  0.231  |  0.231  
  0.216  |  1.627  |  0.216  |  0.216  
  0.216  |  1.630  |  0.216  |  0.216  
  0.200  |  1.631  |  0.208  |  0.192  
  0.216  |  1.634  |  0.223  |  0.208  
  0.200  |  1.636  |  0.192  |  0.208  
  0.216  |  1.638  |  0.208  |  0.223  
  0.200  |  1.640  |  0.200  |  0.200  
  0.231  |  1.642  |  0.239  |  0.223  
  0.200  |  1.644  |  0.200  |  0.200  
  0.231  |  1.646  |  0.231  |  0.231  
  0.200  |  1.648  |  0.200  |  0.200  
  0.216  |  1.650  |  0.223  |  0.208  
  0.216  |  1.652  |  0.216  |  0.216  
  0.216  |  1.655  |  0.223  |  0.208  
  0.231  |  1.657  |  0.231  |  0.231  
  0.200  |  1.659  |  0.208  |  0.192  
  0.216  |  1.661  |  0.216  |  0.216  
  0.231  |  1.663  |  0.231  |  0.231  
  0.200  |  1.665  |  0.200  |  0.200  
  0.231  |  1.667  |  0.231  |  0.231  
  0.200  |  1.669  |  0.208  |  0.192  
  0.216  |  1.672  |  0.216  |  0.216  
  0.216  |  1.674  |  0.216  |  0.216  
  0.200  |  1.676  |  0.208  |  0.192  
  0.231  |  1.678  |  0.231  |  0.231  
  0.216  |  1.680  |  0.216  |  0.216  
  0.216  |  1.682  |  0.216  |  0.216  
  0.216  |  1.684  |  0.216  |  0.216  
  0.200  |  1.688  |  0.200  |  0.200  
  0.216  |  1.690  |  0.216  |  0.216  
  0.216  |  1.693  |  0.223  |  0.208  
  0.200  |  1.695  |  0.200  |  0.200  
  0.216  |  1.697  |  0.216  |  0.216  
  0.216  |  1.699  |  0.216  |  0.216  
  0.200  |  1.701  |  0.208  |  0.192  
  0.216  |  1.703  |  0.223  |  0.208  
  0.216  |  1.705  |  0.208  |  0.223  
  0.200  |  1.707  |  0.208  |  0.192  
  0.216  |  1.709  |  0.216  |  0.216  
  0.216  |  1.711  |  0.216  |  0.216  
  0.231  |  1.714  |  0.231  |  0.231  
  0.216  |  1.716  |  0.223  |  0.208  
  0.216  |  1.718  |  0.216  |  0.216  
  0.216  |  1.720  |  0.216  |  0.216  
  0.216  |  1.722  |  0.216  |  0.216  
  0.200  |  1.724  |  0.200  |  0.200  
  0.216  |  1.726  |  0.216  |  0.216  
  0.231  |  1.728  |  0.231  |  0.231  
  0.200  |  1.730  |  0.208  |  0.192  
  0.216  |  1.732  |  0.216  |  0.216  
  0.216  |  1.735  |  0.216  |  0.216  
  0.216  |  1.737  |  0.223  |  0.208  
  0.216  |  1.739  |  0.216  |  0.216  
  0.200  |  1.741  |  0.208  |  0.192  
  0.231  |  1.743  |  0.231  |  0.231  
  0.216  |  1.745  |  0.216  |  0.216  
  0.200  |  1.747  |  0.208  |  0.192  
  0.231  |  1.749  |  0.231  |  0.231  
  0.200  |  1.751  |  0.208  |  0.192  
  0.216  |  1.753  |  0.216  |  0.216  

received SIGINT Ctrl-C
