CPU Frequency: 1000mhz
starting lcm thread... 
starting setpoint thread... 
starting print thread... 
initializing imu... 
initializing controller...
initializing motors...
initializing odometry...
attaching imu interupt...
we are running!!!

RUNNING...
SENSORS | ODOMETRY |
  X_DOT  |    X    |
  0.000  |  0.000  |  0.000  |  0.000  
  0.000  |  0.000  |  0.000  |  0.000  
  0.046  |  0.000  |  0.046  |  0.046  
  0.185  |  0.002  |  0.185  |  0.185  
  0.292  |  0.005  |  0.292  |  0.292  
  0.308  |  0.008  |  0.308  |  0.308  
  0.354  |  0.012  |  0.362  |  0.346  
  0.339  |  0.015  |  0.346  |  0.331  
  0.323  |  0.018  |  0.323  |  0.323  
  0.339  |  0.022  |  0.339  |  0.339  
  0.354  |  0.025  |  0.354  |  0.354  
  0.323  |  0.029  |  0.331  |  0.316  
  0.323  |  0.036  |  0.331  |  0.316  
  0.354  |  0.039  |  0.362  |  0.346  
  0.385  |  0.043  |  0.385  |  0.385  
  0.339  |  0.046  |  0.346  |  0.331  
  0.369  |  0.050  |  0.369  |  0.369  
  0.369  |  0.054  |  0.369  |  0.369  
  0.369  |  0.058  |  0.369  |  0.369  
  0.354  |  0.061  |  0.362  |  0.346  
  0.354  |  0.065  |  0.354  |  0.354  
  0.369  |  0.068  |  0.377  |  0.362  
  0.369  |  0.072  |  0.377  |  0.362  
  0.385  |  0.076  |  0.385  |  0.385  
  0.369  |  0.080  |  0.369  |  0.369  
  0.369  |  0.083  |  0.377  |  0.362  
  0.385  |  0.087  |  0.385  |  0.385  
  0.400  |  0.091  |  0.408  |  0.393  
  0.354  |  0.095  |  0.354  |  0.354  
  0.385  |  0.099  |  0.385  |  0.385  
  0.385  |  0.102  |  0.393  |  0.377  
  0.400  |  0.106  |  0.400  |  0.400  
  0.354  |  0.110  |  0.354  |  0.354  
  0.400  |  0.114  |  0.400  |  0.400  
  0.385  |  0.118  |  0.385  |  0.385  
  0.416  |  0.122  |  0.416  |  0.416  
  0.369  |  0.126  |  0.377  |  0.362  
  0.416  |  0.130  |  0.423  |  0.408  
  0.400  |  0.134  |  0.400  |  0.400  
  0.385  |  0.138  |  0.385  |  0.385  
  0.369  |  0.141  |  0.362  |  0.377  
  0.416  |  0.145  |  0.416  |  0.416  
  0.385  |  0.149  |  0.393  |  0.377  
  0.416  |  0.153  |  0.423  |  0.408  
  0.400  |  0.157  |  0.400  |  0.400  
  0.416  |  0.162  |  0.416  |  0.416  
  0.400  |  0.166  |  0.408  |  0.393  
  0.416  |  0.170  |  0.416  |  0.416  
  0.416  |  0.174  |  0.423  |  0.408  
  0.400  |  0.178  |  0.400  |  0.400  
  0.416  |  0.186  |  0.416  |  0.416  
  0.416  |  0.190  |  0.416  |  0.416  
  0.416  |  0.190  |  0.416  |  0.416  
  0.385  |  0.199  |  0.385  |  0.385  
  0.446  |  0.203  |  0.446  |  0.446  
  0.416  |  0.207  |  0.423  |  0.408  
  0.400  |  0.211  |  0.408  |  0.393  
  0.431  |  0.216  |  0.431  |  0.431  
  0.431  |  0.220  |  0.431  |  0.431  
  0.446  |  0.224  |  0.446  |  0.446  
  0.416  |  0.229  |  0.423  |  0.408  
  0.431  |  0.233  |  0.431  |  0.431  
  0.431  |  0.237  |  0.423  |  0.439  
  0.416  |  0.241  |  0.423  |  0.408  
  0.416  |  0.246  |  0.423  |  0.408  
  0.446  |  0.250  |  0.446  |  0.446  
  0.446  |  0.254  |  0.446  |  0.446  
  0.431  |  0.259  |  0.431  |  0.431  
  0.446  |  0.263  |  0.439  |  0.454  
  0.416  |  0.267  |  0.423  |  0.408  
  0.446  |  0.272  |  0.446  |  0.446  
  0.462  |  0.276  |  0.462  |  0.462  
  0.446  |  0.281  |  0.454  |  0.439  
  0.431  |  0.285  |  0.431  |  0.431  
  0.431  |  0.290  |  0.439  |  0.423  
  0.446  |  0.294  |  0.454  |  0.439  
  0.477  |  0.299  |  0.485  |  0.470  
  0.462  |  0.303  |  0.462  |  0.462  
  0.446  |  0.308  |  0.446  |  0.446  
  0.431  |  0.317  |  0.439  |  0.423  
  0.462  |  0.321  |  0.454  |  0.470  
  0.477  |  0.326  |  0.477  |  0.477  
  0.446  |  0.330  |  0.446  |  0.446  
  0.477  |  0.335  |  0.477  |  0.477  
  0.462  |  0.340  |  0.462  |  0.462  
  0.462  |  0.344  |  0.470  |  0.454  
  0.446  |  0.349  |  0.446  |  0.446  
  0.462  |  0.354  |  0.462  |  0.462  
  0.462  |  0.358  |  0.462  |  0.462  
  0.477  |  0.363  |  0.485  |  0.470  
  0.477  |  0.368  |  0.477  |  0.477  
  0.493  |  0.373  |  0.493  |  0.493  
  0.462  |  0.377  |  0.462  |  0.462  
  0.462  |  0.382  |  0.462  |  0.462  
  0.446  |  0.386  |  0.454  |  0.439  
  0.508  |  0.391  |  0.508  |  0.508  
  0.462  |  0.396  |  0.462  |  0.462  
  0.477  |  0.401  |  0.470  |  0.485  
  0.493  |  0.406  |  0.500  |  0.485  
  0.477  |  0.411  |  0.477  |  0.477  
  0.477  |  0.415  |  0.470  |  0.485  
  0.477  |  0.420  |  0.485  |  0.470  
  0.477  |  0.425  |  0.477  |  0.477  
  0.477  |  0.430  |  0.477  |  0.477  
  0.477  |  0.434  |  0.485  |  0.470  
  0.493  |  0.439  |  0.500  |  0.485  
  0.508  |  0.444  |  0.516  |  0.500  
  0.493  |  0.449  |  0.485  |  0.500  
  0.493  |  0.454  |  0.492  |  0.493  
  0.477  |  0.459  |  0.477  |  0.477  
  0.508  |  0.464  |  0.508  |  0.508  
  0.477  |  0.469  |  0.485  |  0.470  
  0.462  |  0.473  |  0.454  |  0.470  
  0.508  |  0.479  |  0.508  |  0.508  
  0.523  |  0.484  |  0.523  |  0.523  
  0.523  |  0.489  |  0.531  |  0.516  
  0.462  |  0.494  |  0.462  |  0.462  
  0.523  |  0.499  |  0.523  |  0.523  
  0.477  |  0.509  |  0.470  |  0.485  
  0.477  |  0.509  |  0.470  |  0.485  
  0.446  |  0.519  |  0.454  |  0.439  
  0.523  |  0.524  |  0.531  |  0.516  
  0.508  |  0.529  |  0.516  |  0.500  
  0.523  |  0.534  |  0.523  |  0.523  
  0.508  |  0.539  |  0.508  |  0.508  
  0.508  |  0.544  |  0.508  |  0.508  
  0.508  |  0.549  |  0.508  |  0.508  
  0.508  |  0.554  |  0.508  |  0.508  
  0.493  |  0.559  |  0.493  |  0.493  
  0.523  |  0.565  |  0.531  |  0.516  
  0.477  |  0.569  |  0.470  |  0.485  
  0.539  |  0.575  |  0.539  |  0.539  
  0.508  |  0.580  |  0.508  |  0.508  
  0.508  |  0.585  |  0.516  |  0.500  
  0.539  |  0.590  |  0.539  |  0.539  
  0.508  |  0.595  |  0.508  |  0.508  
  0.554  |  0.601  |  0.546  |  0.562  
  0.523  |  0.606  |  0.523  |  0.523  
  0.477  |  0.611  |  0.485  |  0.470  
  0.493  |  0.616  |  0.493  |  0.493  
  0.539  |  0.621  |  0.539  |  0.539  
  0.508  |  0.626  |  0.516  |  0.500  
  0.554  |  0.632  |  0.554  |  0.554  
  0.554  |  0.637  |  0.554  |  0.554  
  0.508  |  0.642  |  0.508  |  0.508  
  0.539  |  0.648  |  0.539  |  0.539  
  0.493  |  0.653  |  0.500  |  0.485  
  0.570  |  0.658  |  0.577  |  0.562  
  0.508  |  0.663  |  0.508  |  0.508  
  0.523  |  0.669  |  0.523  |  0.523  
  0.539  |  0.674  |  0.539  |  0.539  
  0.554  |  0.680  |  0.554  |  0.554  
  0.523  |  0.685  |  0.523  |  0.523  
  0.539  |  0.690  |  0.539  |  0.539  
  0.493  |  0.695  |  0.485  |  0.500  
  0.508  |  0.706  |  0.516  |  0.500  
  0.508  |  0.706  |  0.516  |  0.500  
  0.508  |  0.717  |  0.508  |  0.508  
  0.570  |  0.723  |  0.570  |  0.570  
  0.508  |  0.728  |  0.508  |  0.508  
  0.585  |  0.733  |  0.585  |  0.585  
  0.508  |  0.739  |  0.508  |  0.508  
  0.570  |  0.744  |  0.562  |  0.577  
  0.539  |  0.750  |  0.546  |  0.531  
  0.539  |  0.755  |  0.539  |  0.539  
  0.539  |  0.760  |  0.546  |  0.531  
  0.554  |  0.766  |  0.546  |  0.562  
  0.508  |  0.771  |  0.508  |  0.508  
  0.539  |  0.776  |  0.539  |  0.539  
  0.616  |  0.783  |  0.623  |  0.608  
  0.523  |  0.788  |  0.531  |  0.516  
  0.554  |  0.793  |  0.554  |  0.554  
  0.539  |  0.799  |  0.539  |  0.539  
  0.539  |  0.804  |  0.539  |  0.539  
  0.570  |  0.810  |  0.577  |  0.562  
  0.523  |  0.815  |  0.516  |  0.531  
  0.554  |  0.821  |  0.562  |  0.546  
  0.570  |  0.826  |  0.570  |  0.570  
  0.539  |  0.832  |  0.531  |  0.546  
  0.570  |  0.837  |  0.570  |  0.570  
  0.554  |  0.843  |  0.554  |  0.554  
  0.570  |  0.849  |  0.577  |  0.562  
  0.585  |  0.854  |  0.585  |  0.585  
  0.523  |  0.860  |  0.516  |  0.531  
  0.539  |  0.865  |  0.546  |  0.531  
  0.554  |  0.871  |  0.562  |  0.546  
  0.570  |  0.876  |  0.570  |  0.570  
  0.554  |  0.882  |  0.554  |  0.554  
  0.616  |  0.888  |  0.623  |  0.608  
  0.539  |  0.893  |  0.539  |  0.539  
  0.570  |  0.899  |  0.570  |  0.570  
  0.554  |  0.905  |  0.554  |  0.554  
  0.570  |  0.916  |  0.570  |  0.570  
  0.570  |  0.922  |  0.570  |  0.570  
  0.539  |  0.927  |  0.546  |  0.531  
  0.554  |  0.932  |  0.554  |  0.554  
  0.600  |  0.938  |  0.600  |  0.600  
  0.600  |  0.944  |  0.600  |  0.600  
  0.554  |  0.950  |  0.562  |  0.546  
  0.585  |  0.956  |  0.585  |  0.585  
  0.554  |  0.961  |  0.554  |  0.554  
  0.600  |  0.967  |  0.600  |  0.600  
  0.523  |  0.973  |  0.516  |  0.531  
  0.600  |  0.979  |  0.600  |  0.600  
  0.585  |  0.984  |  0.585  |  0.585  
  0.570  |  0.990  |  0.570  |  0.570  
  0.554  |  0.996  |  0.562  |  0.546  
  0.600  |  1.002  |  0.600  |  0.600  
  0.570  |  1.007  |  0.570  |  0.570  
  0.585  |  1.013  |  0.585  |  0.585  
  0.570  |  1.019  |  0.570  |  0.570  
  0.585  |  1.025  |  0.585  |  0.585  
  0.570  |  1.030  |  0.570  |  0.570  
  0.600  |  1.036  |  0.600  |  0.600  
  0.570  |  1.042  |  0.570  |  0.570  
  0.585  |  1.048  |  0.593  |  0.577  
  0.570  |  1.054  |  0.570  |  0.570  
  0.600  |  1.060  |  0.600  |  0.600  
  0.570  |  1.065  |  0.570  |  0.570  
  0.570  |  1.071  |  0.570  |  0.570  
  0.600  |  1.077  |  0.600  |  0.600  
  0.570  |  1.083  |  0.570  |  0.570  
  0.585  |  1.089  |  0.585  |  0.585  
  0.662  |  1.095  |  0.662  |  0.662  
  0.523  |  1.100  |  0.523  |  0.523  
  0.585  |  1.106  |  0.593  |  0.577  
  0.570  |  1.112  |  0.570  |  0.570  
  0.570  |  1.124  |  0.577  |  0.562  
  0.600  |  1.130  |  0.600  |  0.600  
  0.600  |  1.130  |  0.600  |  0.600  
  0.554  |  1.142  |  0.562  |  0.546  
  0.570  |  1.148  |  0.570  |  0.570  
  0.600  |  1.154  |  0.593  |  0.608  
  0.570  |  1.159  |  0.562  |  0.577  
  0.600  |  1.165  |  0.600  |  0.600  
  0.570  |  1.171  |  0.577  |  0.562  
  0.585  |  1.177  |  0.577  |  0.593  
  0.585  |  1.183  |  0.585  |  0.585  
  0.631  |  1.189  |  0.631  |  0.631  
  0.570  |  1.195  |  0.570  |  0.570  
  0.616  |  1.201  |  0.623  |  0.608  
  0.570  |  1.206  |  0.570  |  0.570  
  0.631  |  1.213  |  0.631  |  0.631  
  0.554  |  1.218  |  0.546  |  0.562  
  0.600  |  1.224  |  0.600  |  0.600  
  0.600  |  1.230  |  0.600  |  0.600  
  0.616  |  1.236  |  0.616  |  0.616  
  0.585  |  1.242  |  0.593  |  0.577  
  0.600  |  1.248  |  0.608  |  0.593  
  0.631  |  1.255  |  0.631  |  0.631  
  0.585  |  1.260  |  0.593  |  0.577  
  0.570  |  1.266  |  0.570  |  0.570  
  0.616  |  1.272  |  0.616  |  0.616  
  0.600  |  1.278  |  0.600  |  0.600  
  0.600  |  1.284  |  0.593  |  0.608  
  0.616  |  1.290  |  0.616  |  0.616  
  0.585  |  1.296  |  0.585  |  0.585  
  0.616  |  1.302  |  0.608  |  0.623  
  0.554  |  1.308  |  0.554  |  0.554  
  0.662  |  1.315  |  0.662  |  0.662  
  0.600  |  1.321  |  0.600  |  0.600  
  0.600  |  1.327  |  0.600  |  0.600  
  0.616  |  1.333  |  0.616  |  0.616  
  0.585  |  1.339  |  0.585  |  0.585  
  0.616  |  1.345  |  0.623  |  0.608  
  0.631  |  1.351  |  0.631  |  0.631  
  0.585  |  1.357  |  0.585  |  0.585  
  0.570  |  1.369  |  0.570  |  0.570  
  0.647  |  1.375  |  0.647  |  0.647  
  0.616  |  1.381  |  0.616  |  0.616  
  0.647  |  1.388  |  0.647  |  0.647  
  0.585  |  1.394  |  0.585  |  0.585  
  0.585  |  1.400  |  0.593  |  0.577  
  0.585  |  1.405  |  0.585  |  0.585  
  0.631  |  1.412  |  0.631  |  0.631  
  0.616  |  1.418  |  0.623  |  0.608  
  0.647  |  1.424  |  0.654  |  0.639  
  0.570  |  1.430  |  0.570  |  0.570  
  0.647  |  1.437  |  0.639  |  0.654  
  0.600  |  1.443  |  0.600  |  0.600  
  0.616  |  1.449  |  0.616  |  0.616  
  0.600  |  1.455  |  0.608  |  0.593  
  0.631  |  1.461  |  0.631  |  0.631  
  0.616  |  1.467  |  0.616  |  0.616  
  0.662  |  1.474  |  0.662  |  0.662  
  0.570  |  1.479  |  0.562  |  0.577  
  0.616  |  1.486  |  0.623  |  0.608  
  0.600  |  1.492  |  0.600  |  0.600  
  0.631  |  1.498  |  0.623  |  0.639  
  0.616  |  1.504  |  0.623  |  0.608  
  0.631  |  1.510  |  0.631  |  0.631  
  0.616  |  1.517  |  0.616  |  0.616  
  0.662  |  1.523  |  0.662  |  0.662  
  0.631  |  1.529  |  0.631  |  0.631  
  0.616  |  1.536  |  0.616  |  0.616  
  0.616  |  1.542  |  0.616  |  0.616  
  0.585  |  1.548  |  0.585  |  0.585  
  0.616  |  1.554  |  0.623  |  0.608  
  0.631  |  1.560  |  0.631  |  0.631  
  0.616  |  1.566  |  0.623  |  0.608  
  0.662  |  1.573  |  0.670  |  0.654  
  0.600  |  1.579  |  0.600  |  0.600  
  0.631  |  1.585  |  0.631  |  0.631  
  0.631  |  1.591  |  0.623  |  0.639  
  0.600  |  1.597  |  0.600  |  0.600  
  0.570  |  1.610  |  0.577  |  0.562  
  0.585  |  1.616  |  0.577  |  0.593  
  0.677  |  1.622  |  0.677  |  0.677  
  0.677  |  1.622  |  0.677  |  0.677  
  0.585  |  1.635  |  0.585  |  0.585  
  0.585  |  1.641  |  0.585  |  0.585  
  0.647  |  1.647  |  0.647  |  0.647  
  0.631  |  1.654  |  0.631  |  0.631  
  0.616  |  1.660  |  0.608  |  0.623  
  0.662  |  1.666  |  0.662  |  0.662  
  0.631  |  1.673  |  0.631  |  0.631  
  0.616  |  1.679  |  0.623  |  0.608  
  0.600  |  1.685  |  0.600  |  0.600  
  0.631  |  1.691  |  0.631  |  0.631  
  0.647  |  1.698  |  0.654  |  0.639  
  0.631  |  1.704  |  0.639  |  0.623  
  0.631  |  1.710  |  0.631  |  0.631  
  0.647  |  1.717  |  0.647  |  0.647  
  0.631  |  1.723  |  0.631  |  0.631  
  0.647  |  1.729  |  0.647  |  0.647  
  0.631  |  1.736  |  0.631  |  0.631  
  0.631  |  1.742  |  0.639  |  0.623  
  0.631  |  1.748  |  0.631  |  0.631  
  0.631  |  1.755  |  0.631  |  0.631  
  0.647  |  1.761  |  0.647  |  0.647  
  0.647  |  1.768  |  0.647  |  0.647  
  0.616  |  1.774  |  0.608  |  0.623  
  0.647  |  1.780  |  0.647  |  0.647  
  0.600  |  1.786  |  0.608  |  0.593  
  0.647  |  1.793  |  0.647  |  0.647  
  0.616  |  1.799  |  0.616  |  0.616  
  0.662  |  1.805  |  0.662  |  0.662  
  0.631  |  1.812  |  0.639  |  0.623  
  0.647  |  1.818  |  0.654  |  0.639  
  0.677  |  1.825  |  0.677  |  0.677  
  0.600  |  1.837  |  0.600  |  0.600  
  0.677  |  1.843  |  0.670  |  0.685  
  0.647  |  1.850  |  0.647  |  0.647  
  0.631  |  1.856  |  0.639  |  0.623  
  0.647  |  1.863  |  0.647  |  0.647  
  0.631  |  1.869  |  0.631  |  0.631  
  0.662  |  1.876  |  0.662  |  0.662  
  0.631  |  1.882  |  0.631  |  0.631  
  0.662  |  1.889  |  0.662  |  0.662  
  0.616  |  1.895  |  0.623  |  0.608  
  0.647  |  1.901  |  0.647  |  0.647  
  0.616  |  1.907  |  0.623  |  0.608  
  0.677  |  1.914  |  0.677  |  0.677  
  0.616  |  1.920  |  0.608  |  0.623  
  0.662  |  1.927  |  0.654  |  0.670  
  0.600  |  1.933  |  0.600  |  0.600  
  0.647  |  1.939  |  0.654  |  0.639  
  0.616  |  1.945  |  0.616  |  0.616  
  0.662  |  1.952  |  0.662  |  0.662  
  0.677  |  1.959  |  0.677  |  0.677  
  0.677  |  1.966  |  0.677  |  0.677  
  0.600  |  1.972  |  0.600  |  0.600  
  0.662  |  1.978  |  0.662  |  0.662  
  0.631  |  1.984  |  0.631  |  0.631  
  0.677  |  1.991  |  0.685  |  0.670  
  0.631  |  1.998  |  0.623  |  0.639  
  0.647  |  2.004  |  0.647  |  0.647  
  0.647  |  2.010  |  0.647  |  0.647  
  0.662  |  2.017  |  0.662  |  0.662  
  0.585  |  2.023  |  0.577  |  0.593  
  0.724  |  2.030  |  0.724  |  0.724  
  0.570  |  2.036  |  0.577  |  0.562  
  0.647  |  2.042  |  0.647  |  0.647  
  0.693  |  2.049  |  0.700  |  0.685  
  0.631  |  2.056  |  0.623  |  0.639  
  0.616  |  2.068  |  0.616  |  0.616  
  0.677  |  2.075  |  0.677  |  0.677  
  0.631  |  2.081  |  0.631  |  0.631  
  0.708  |  2.088  |  0.708  |  0.708  
  0.616  |  2.095  |  0.608  |  0.623  
  0.662  |  2.101  |  0.654  |  0.670  
  0.647  |  2.108  |  0.654  |  0.639  
  0.647  |  2.114  |  0.647  |  0.647  
  0.616  |  2.120  |  0.623  |  0.608  
  0.677  |  2.127  |  0.677  |  0.677  
  0.616  |  2.133  |  0.616  |  0.616  
  0.677  |  2.140  |  0.685  |  0.670  
  0.631  |  2.146  |  0.631  |  0.631  
  0.677  |  2.153  |  0.670  |  0.685  
  0.631  |  2.159  |  0.631  |  0.631  
  0.662  |  2.166  |  0.670  |  0.654  
  0.647  |  2.172  |  0.647  |  0.647  
  0.677  |  2.179  |  0.685  |  0.670  
  0.616  |  2.185  |  0.608  |  0.623  
  0.647  |  2.198  |  0.647  |  0.647  
  0.677  |  2.205  |  0.670  |  0.685  
  0.647  |  2.211  |  0.647  |  0.647  
  0.662  |  2.218  |  0.662  |  0.662  
  0.647  |  2.225  |  0.654  |  0.639  
  0.647  |  2.231  |  0.654  |  0.639  
  0.647  |  2.237  |  0.647  |  0.647  
  0.708  |  2.245  |  0.708  |  0.708  
  0.600  |  2.251  |  0.600  |  0.600  
  0.724  |  2.258  |  0.724  |  0.724  
  0.631  |  2.264  |  0.631  |  0.631  
  0.616  |  2.270  |  0.616  |  0.616  
  0.677  |  2.277  |  0.677  |  0.677  
  0.647  |  2.283  |  0.647  |  0.647  
  0.662  |  2.290  |  0.654  |  0.670  
  0.693  |  2.297  |  0.693  |  0.693  
  0.647  |  2.303  |  0.647  |  0.647  
  0.662  |  2.310  |  0.670  |  0.654  
  0.616  |  2.316  |  0.623  |  0.608  
  0.708  |  2.323  |  0.708  |  0.708  
  0.616  |  2.329  |  0.608  |  0.623  
  0.693  |  2.336  |  0.693  |  0.693  
  0.647  |  2.343  |  0.647  |  0.647  
  0.677  |  2.350  |  0.677  |  0.677  
  0.662  |  2.356  |  0.654  |  0.670  
  0.616  |  2.362  |  0.616  |  0.616  
  0.677  |  2.369  |  0.677  |  0.677  
  0.708  |  2.376  |  0.716  |  0.700  
  0.631  |  2.382  |  0.631  |  0.631  
  0.677  |  2.389  |  0.677  |  0.677  
  0.693  |  2.396  |  0.693  |  0.693  
  0.647  |  2.403  |  0.647  |  0.647  
  0.616  |  2.409  |  0.616  |  0.616  
  0.647  |  2.415  |  0.647  |  0.647  
  0.739  |  2.423  |  0.747  |  0.731  
  0.647  |  2.429  |  0.647  |  0.647  
  0.647  |  2.436  |  0.647  |  0.647  
  0.662  |  2.442  |  0.662  |  0.662  
  0.662  |  2.449  |  0.662  |  0.662  
  0.647  |  2.461  |  0.647  |  0.647  
  0.693  |  2.468  |  0.685  |  0.700  
  0.662  |  2.475  |  0.662  |  0.662  
  0.693  |  2.482  |  0.700  |  0.685  
  0.677  |  2.489  |  0.677  |  0.677  
  0.647  |  2.495  |  0.639  |  0.654  
  0.662  |  2.502  |  0.670  |  0.654  
  0.647  |  2.508  |  0.646  |  0.647  
  0.677  |  2.515  |  0.685  |  0.670  
  0.677  |  2.522  |  0.670  |  0.685  
  0.647  |  2.528  |  0.647  |  0.647  
  0.677  |  2.535  |  0.685  |  0.670  
  0.647  |  2.541  |  0.654  |  0.639  
  0.677  |  2.548  |  0.670  |  0.685  
  0.647  |  2.555  |  0.639  |  0.654  
  0.677  |  2.561  |  0.685  |  0.670  
  0.647  |  2.568  |  0.639  |  0.654  
  0.677  |  2.575  |  0.685  |  0.670  
  0.647  |  2.581  |  0.654  |  0.639  
  0.631  |  2.587  |  0.623  |  0.639  
  0.708  |  2.594  |  0.708  |  0.708  
  0.631  |  2.601  |  0.623  |  0.639  
  0.677  |  2.607  |  0.685  |  0.670  
  0.647  |  2.614  |  0.647  |  0.647  
  0.693  |  2.621  |  0.693  |  0.693  
  0.662  |  2.627  |  0.662  |  0.662  
  0.724  |  2.635  |  0.724  |  0.724  
  0.677  |  2.641  |  0.677  |  0.677  
  0.647  |  2.648  |  0.639  |  0.654  
  0.647  |  2.654  |  0.647  |  0.647  
  0.693  |  2.661  |  0.693  |  0.693  
  0.631  |  2.668  |  0.631  |  0.631  
  0.647  |  2.674  |  0.647  |  0.647  
  0.662  |  2.681  |  0.670  |  0.654  
  0.693  |  2.688  |  0.693  |  0.693  
  0.677  |  2.694  |  0.685  |  0.670  
  0.693  |  2.701  |  0.693  |  0.693  
  0.662  |  2.714  |  0.654  |  0.670  
  0.677  |  2.721  |  0.677  |  0.677  
  0.662  |  2.728  |  0.654  |  0.670  
  0.693  |  2.735  |  0.700  |  0.685  
  0.662  |  2.741  |  0.662  |  0.662  
  0.693  |  2.748  |  0.700  |  0.685  
  0.647  |  2.755  |  0.647  |  0.647  
  0.693  |  2.761  |  0.693  |  0.693  
  0.647  |  2.768  |  0.639  |  0.654  
  0.647  |  2.774  |  0.639  |  0.654  
  0.693  |  2.781  |  0.693  |  0.693  
  0.662  |  2.788  |  0.670  |  0.654  
  0.677  |  2.795  |  0.685  |  0.670  
  0.662  |  2.801  |  0.662  |  0.662  
  0.693  |  2.808  |  0.693  |  0.693  
  0.693  |  2.815  |  0.700  |  0.685  
  0.647  |  2.822  |  0.647  |  0.647  
  0.677  |  2.828  |  0.677  |  0.677  
  0.662  |  2.835  |  0.662  |  0.662  
  0.693  |  2.842  |  0.693  |  0.693  
  0.631  |  2.848  |  0.623  |  0.639  
  0.693  |  2.855  |  0.685  |  0.700  
  0.647  |  2.862  |  0.647  |  0.647  
  0.647  |  2.868  |  0.654  |  0.639  
  0.724  |  2.875  |  0.724  |  0.724  
  0.677  |  2.882  |  0.677  |  0.677  
  0.647  |  2.888  |  0.647  |  0.647  
  0.677  |  2.895  |  0.677  |  0.677  
  0.677  |  2.902  |  0.677  |  0.677  
  0.647  |  2.908  |  0.647  |  0.647  
  0.662  |  2.915  |  0.662  |  0.662  
  0.662  |  2.929  |  0.662  |  0.662  
  0.677  |  2.935  |  0.670  |  0.685  
  0.693  |  2.942  |  0.693  |  0.693  
  0.677  |  2.949  |  0.685  |  0.670  
  0.677  |  2.956  |  0.685  |  0.670  
  0.693  |  2.963  |  0.693  |  0.693  
  0.631  |  2.969  |  0.623  |  0.639  
  0.724  |  2.976  |  0.724  |  0.724  
  0.616  |  2.982  |  0.623  |  0.608  
  0.693  |  2.989  |  0.693  |  0.693  
  0.693  |  2.996  |  0.700  |  0.685  
  0.693  |  3.003  |  0.685  |  0.700  
  0.693  |  3.010  |  0.693  |  0.693  
  0.631  |  3.016  |  0.631  |  0.631  
  0.693  |  3.023  |  0.685  |  0.700  
  0.631  |  3.030  |  0.631  |  0.631  
  0.739  |  3.037  |  0.739  |  0.739  
  0.647  |  3.043  |  0.654  |  0.639  
  0.693  |  3.050  |  0.700  |  0.685  
  0.662  |  3.057  |  0.662  |  0.662  
  0.693  |  3.064  |  0.700  |  0.685  
  0.616  |  3.070  |  0.623  |  0.608  
  0.724  |  3.077  |  0.724  |  0.724  
  0.693  |  3.084  |  0.685  |  0.700  
  0.677  |  3.091  |  0.677  |  0.677  
  0.647  |  3.097  |  0.654  |  0.639  
  0.708  |  3.104  |  0.700  |  0.716  
  0.647  |  3.111  |  0.647  |  0.647  
  0.647  |  3.124  |  0.647  |  0.647  
  0.647  |  3.124  |  0.647  |  0.647  
  0.631  |  3.138  |  0.631  |  0.631  
  0.708  |  3.145  |  0.700  |  0.716  
  0.647  |  3.151  |  0.654  |  0.639  
  0.724  |  3.159  |  0.724  |  0.724  
  0.647  |  3.165  |  0.647  |  0.647  
  0.724  |  3.172  |  0.724  |  0.724  
  0.631  |  3.179  |  0.631  |  0.631  
  0.724  |  3.186  |  0.724  |  0.724  
  0.693  |  3.193  |  0.685  |  0.700  
  0.677  |  3.200  |  0.677  |  0.677  
  0.677  |  3.206  |  0.677  |  0.677  
  0.662  |  3.213  |  0.662  |  0.662  
  0.662  |  3.220  |  0.662  |  0.662  
  0.693  |  3.227  |  0.700  |  0.685  
  0.693  |  3.233  |  0.693  |  0.693  
  0.677  |  3.240  |  0.670  |  0.685  
  0.677  |  3.247  |  0.677  |  0.677  
  0.631  |  3.253  |  0.631  |  0.631  
  0.677  |  3.260  |  0.677  |  0.677  
  0.708  |  3.267  |  0.716  |  0.700  
  0.662  |  3.274  |  0.670  |  0.654  
  0.677  |  3.280  |  0.677  |  0.677  
  0.677  |  3.287  |  0.677  |  0.677  
  0.708  |  3.294  |  0.708  |  0.708  
  0.708  |  3.301  |  0.708  |  0.708  
  0.693  |  3.308  |  0.693  |  0.693  
  0.662  |  3.315  |  0.662  |  0.662  
  0.677  |  3.322  |  0.670  |  0.685  
  0.677  |  3.328  |  0.677  |  0.677  
  0.631  |  3.335  |  0.639  |  0.623  
  0.708  |  3.342  |  0.716  |  0.700  
  0.693  |  3.349  |  0.693  |  0.693  
  0.647  |  3.355  |  0.639  |  0.654  
  0.708  |  3.362  |  0.708  |  0.708  
  0.708  |  3.369  |  0.700  |  0.716  
  0.693  |  3.376  |  0.693  |  0.693  
  0.677  |  3.383  |  0.685  |  0.670  
  0.693  |  3.390  |  0.693  |  0.693  
  0.662  |  3.397  |  0.662  |  0.662  
  0.647  |  3.410  |  0.647  |  0.647  
  0.708  |  3.417  |  0.700  |  0.716  
  0.662  |  3.424  |  0.662  |  0.662  
  0.739  |  3.431  |  0.739  |  0.739  
  0.631  |  3.437  |  0.631  |  0.631  
  0.724  |  3.444  |  0.724  |  0.724  
  0.647  |  3.451  |  0.654  |  0.639  
  0.724  |  3.458  |  0.724  |  0.724  
  0.693  |  3.465  |  0.700  |  0.685  
  0.631  |  3.471  |  0.631  |  0.631  
  0.739  |  3.479  |  0.739  |  0.739  
  0.662  |  3.485  |  0.662  |  0.662  
  0.677  |  3.492  |  0.677  |  0.677  
  0.677  |  3.499  |  0.677  |  0.677  
  0.724  |  3.506  |  0.716  |  0.731  
  0.662  |  3.513  |  0.662  |  0.662  
  0.662  |  3.519  |  0.662  |  0.662  
  0.677  |  3.526  |  0.670  |  0.685  
  0.693  |  3.533  |  0.700  |  0.685  
  0.708  |  3.540  |  0.716  |  0.700  
  0.677  |  3.547  |  0.677  |  0.677  
  0.677  |  3.554  |  0.670  |  0.685  
  0.693  |  3.561  |  0.700  |  0.685  
  0.677  |  3.567  |  0.677  |  0.677  
  0.677  |  3.574  |  0.677  |  0.677  
  0.724  |  3.581  |  0.731  |  0.716  
  0.662  |  3.588  |  0.662  |  0.662  
  0.677  |  3.595  |  0.677  |  0.677  
  0.647  |  3.601  |  0.647  |  0.647  
  0.708  |  3.608  |  0.708  |  0.708  
  0.662  |  3.615  |  0.670  |  0.654  
  0.739  |  3.622  |  0.747  |  0.731  
  0.677  |  3.629  |  0.685  |  0.670  
  0.677  |  3.636  |  0.670  |  0.685  
  0.708  |  3.643  |  0.708  |  0.708  
  0.631  |  3.656  |  0.631  |  0.631  
  0.677  |  3.663  |  0.677  |  0.677  
  0.677  |  3.670  |  0.677  |  0.677  
  0.739  |  3.677  |  0.739  |  0.739  
  0.677  |  3.684  |  0.670  |  0.685  
  0.693  |  3.691  |  0.693  |  0.693  
  0.693  |  3.697  |  0.693  |  0.693  
  0.677  |  3.704  |  0.677  |  0.677  
  0.677  |  3.711  |  0.677  |  0.677  
  0.708  |  3.718  |  0.708  |  0.708  
  0.662  |  3.725  |  0.662  |  0.662  
  0.693  |  3.732  |  0.700  |  0.685  
  0.647  |  3.738  |  0.647  |  0.647  
  0.693  |  3.745  |  0.700  |  0.685  
  0.677  |  3.752  |  0.685  |  0.670  
  0.739  |  3.759  |  0.739  |  0.739  
  0.647  |  3.766  |  0.647  |  0.647  
  0.739  |  3.773  |  0.739  |  0.739  
  0.693  |  3.780  |  0.693  |  0.693  
  0.647  |  3.786  |  0.647  |  0.647  
  0.724  |  3.794  |  0.731  |  0.716  
  0.693  |  3.800  |  0.693  |  0.693  
  0.677  |  3.807  |  0.677  |  0.677  
  0.677  |  3.814  |  0.685  |  0.670  
  0.693  |  3.821  |  0.693  |  0.693  
  0.662  |  3.827  |  0.662  |  0.662  
  0.724  |  3.835  |  0.724  |  0.724  
  0.693  |  3.842  |  0.700  |  0.685  
  0.616  |  3.848  |  0.623  |  0.608  
  0.754  |  3.855  |  0.762  |  0.747  
  0.647  |  3.862  |  0.647  |  0.647  
  0.677  |  3.869  |  0.670  |  0.685  
  0.677  |  3.875  |  0.677  |  0.677  
  0.677  |  3.882  |  0.677  |  0.677  
  0.677  |  3.896  |  0.677  |  0.677  
  0.677  |  3.896  |  0.677  |  0.677  
  0.693  |  3.910  |  0.700  |  0.685  
  0.708  |  3.917  |  0.700  |  0.716  
  0.662  |  3.924  |  0.662  |  0.662  
  0.708  |  3.931  |  0.708  |  0.708  
  0.662  |  3.937  |  0.670  |  0.654  
  0.724  |  3.944  |  0.724  |  0.724  
  0.677  |  3.951  |  0.677  |  0.677  
  0.708  |  3.958  |  0.708  |  0.708  
  0.647  |  3.965  |  0.654  |  0.639  
  0.724  |  3.972  |  0.724  |  0.724  
  0.647  |  3.978  |  0.639  |  0.654  
  0.724  |  3.986  |  0.724  |  0.724  
  0.662  |  3.992  |  0.662  |  0.662  
  0.724  |  3.999  |  0.731  |  0.716  
  0.647  |  4.006  |  0.647  |  0.647  
  0.754  |  4.013  |  0.754  |  0.754  
  0.631  |  4.020  |  0.639  |  0.623  
  0.739  |  4.027  |  0.747  |  0.731  
  0.647  |  4.034  |  0.647  |  0.647  
  0.708  |  4.041  |  0.700  |  0.716  
  0.724  |  4.048  |  0.724  |  0.724  
  0.724  |  4.055  |  0.724  |  0.724  
  0.647  |  4.061  |  0.647  |  0.647  
  0.647  |  4.068  |  0.647  |  0.647  
  0.708  |  4.075  |  0.716  |  0.700  
  0.724  |  4.082  |  0.724  |  0.724  
  0.662  |  4.089  |  0.662  |  0.662  
  0.708  |  4.096  |  0.700  |  0.716  
  0.662  |  4.103  |  0.670  |  0.654  
  0.724  |  4.110  |  0.724  |  0.724  
  0.662  |  4.116  |  0.654  |  0.670  
  0.693  |  4.123  |  0.700  |  0.685  
  0.693  |  4.130  |  0.693  |  0.693  
  0.693  |  4.137  |  0.693  |  0.693  
  0.677  |  4.144  |  0.677  |  0.677  
  0.739  |  4.151  |  0.747  |  0.731  
  0.708  |  4.158  |  0.708  |  0.708  
  0.662  |  4.165  |  0.670  |  0.654  
  0.677  |  4.179  |  0.677  |  0.677  
  0.677  |  4.185  |  0.685  |  0.670  
  0.708  |  4.192  |  0.708  |  0.708  
  0.677  |  4.199  |  0.677  |  0.677  
  0.724  |  4.206  |  0.716  |  0.731  
  0.631  |  4.213  |  0.631  |  0.631  
  0.770  |  4.220  |  0.770  |  0.770  
  0.631  |  4.227  |  0.631  |  0.631  
  0.754  |  4.234  |  0.754  |  0.754  
  0.647  |  4.241  |  0.647  |  0.647  
  0.724  |  4.248  |  0.724  |  0.724  
  0.693  |  4.255  |  0.700  |  0.685  
  0.708  |  4.262  |  0.708  |  0.708  
  0.616  |  4.268  |  0.608  |  0.623  
  0.708  |  4.275  |  0.716  |  0.700  
  0.739  |  4.282  |  0.739  |  0.739  
  0.708  |  4.289  |  0.708  |  0.708  
  0.662  |  4.296  |  0.654  |  0.670  
  0.693  |  4.303  |  0.693  |  0.693  
  0.677  |  4.310  |  0.677  |  0.677  
  0.677  |  4.316  |  0.670  |  0.685  
  0.708  |  4.324  |  0.708  |  0.708  
  0.693  |  4.330  |  0.693  |  0.693  
  0.708  |  4.338  |  0.708  |  0.708  
  0.677  |  4.344  |  0.677  |  0.677  
  0.693  |  4.351  |  0.693  |  0.693  
  0.708  |  4.358  |  0.708  |  0.708  
  0.677  |  4.365  |  0.677  |  0.677  
  0.708  |  4.372  |  0.716  |  0.700  
  0.708  |  4.379  |  0.708  |  0.708  
  0.662  |  4.386  |  0.662  |  0.662  
  0.677  |  4.393  |  0.677  |  0.677  
  0.708  |  4.400  |  0.708  |  0.708  
  0.739  |  4.407  |  0.739  |  0.739  
  0.662  |  4.414  |  0.662  |  0.662  
  0.708  |  4.421  |  0.700  |  0.716  
  0.677  |  4.427  |  0.677  |  0.677  
  0.677  |  4.441  |  0.677  |  0.677  
  0.677  |  4.448  |  0.677  |  0.677  
  0.739  |  4.455  |  0.739  |  0.739  
  0.693  |  4.462  |  0.693  |  0.693  
  0.677  |  4.469  |  0.670  |  0.685  
  0.662  |  4.475  |  0.662  |  0.662  
  0.724  |  4.483  |  0.731  |  0.716  
  0.693  |  4.490  |  0.700  |  0.685  
  0.693  |  4.497  |  0.700  |  0.685  
  0.708  |  4.504  |  0.700  |  0.716  
  0.677  |  4.510  |  0.670  |  0.685  
  0.677  |  4.517  |  0.685  |  0.670  
  0.708  |  4.524  |  0.708  |  0.708  
  0.677  |  4.531  |  0.670  |  0.685  
  0.708  |  4.538  |  0.708  |  0.708  
  0.647  |  4.544  |  0.647  |  0.647  
  0.724  |  4.552  |  0.731  |  0.716  
  0.693  |  4.559  |  0.693  |  0.693  
  0.724  |  4.566  |  0.724  |  0.724  
  0.677  |  4.573  |  0.677  |  0.677  
  0.708  |  4.580  |  0.700  |  0.716  
  0.662  |  4.586  |  0.654  |  0.670  
  0.708  |  4.593  |  0.708  |  0.708  
  0.677  |  4.600  |  0.670  |  0.685  
  0.708  |  4.607  |  0.708  |  0.708  
  0.662  |  4.614  |  0.662  |  0.662  
  0.724  |  4.621  |  0.724  |  0.724  
  0.677  |  4.628  |  0.685  |  0.670  
  0.677  |  4.634  |  0.677  |  0.677  
  0.724  |  4.642  |  0.724  |  0.724  
  0.677  |  4.648  |  0.685  |  0.670  
  0.662  |  4.655  |  0.662  |  0.662  
  0.708  |  4.662  |  0.708  |  0.708  
  0.708  |  4.669  |  0.700  |  0.716  
  0.708  |  4.676  |  0.708  |  0.708  
  0.693  |  4.690  |  0.685  |  0.700  
  0.693  |  4.690  |  0.685  |  0.700  
  0.739  |  4.697  |  0.739  |  0.739  
  0.677  |  4.711  |  0.677  |  0.677  
  0.724  |  4.718  |  0.724  |  0.724  
  0.693  |  4.725  |  0.693  |  0.693  
  0.693  |  4.732  |  0.693  |  0.693  
  0.693  |  4.739  |  0.693  |  0.693  
  0.677  |  4.746  |  0.685  |  0.670  
  0.693  |  4.752  |  0.693  |  0.693  
  0.693  |  4.759  |  0.693  |  0.693  
  0.708  |  4.766  |  0.700  |  0.716  
  0.647  |  4.773  |  0.647  |  0.647  
  0.739  |  4.780  |  0.739  |  0.739  
  0.693  |  4.787  |  0.693  |  0.693  
  0.647  |  4.794  |  0.654  |  0.639  
  0.708  |  4.801  |  0.708  |  0.708  
  0.677  |  4.807  |  0.685  |  0.670  
  0.708  |  4.814  |  0.708  |  0.708  
  0.739  |  4.822  |  0.739  |  0.739  
  0.647  |  4.828  |  0.654  |  0.639  
  0.662  |  4.835  |  0.670  |  0.654  
  0.724  |  4.842  |  0.724  |  0.724  
  0.724  |  4.849  |  0.724  |  0.724  
  0.708  |  4.856  |  0.708  |  0.708  
  0.693  |  4.863  |  0.693  |  0.693  
  0.677  |  4.870  |  0.677  |  0.677  
  0.677  |  4.877  |  0.677  |  0.677  
  0.708  |  4.884  |  0.716  |  0.700  
  0.647  |  4.898  |  0.639  |  0.654  
  0.724  |  4.905  |  0.716  |  0.731  
  0.662  |  4.911  |  0.662  |  0.662  
  0.724  |  4.919  |  0.716  |  0.731  
  0.662  |  4.925  |  0.670  |  0.654  
  0.739  |  4.933  |  0.747  |  0.731  
  0.647  |  4.939  |  0.647  |  0.647  
  0.754  |  4.947  |  0.754  |  0.754  
  0.647  |  4.953  |  0.647  |  0.647  
  0.754  |  4.961  |  0.754  |  0.754  
  0.647  |  4.967  |  0.647  |  0.647  
  0.739  |  4.974  |  0.731  |  0.747  
  0.647  |  4.981  |  0.654  |  0.639  
  0.739  |  4.988  |  0.739  |  0.739  
  0.662  |  4.995  |  0.662  |  0.662  
  0.739  |  5.002  |  0.739  |  0.739  
  0.647  |  5.009  |  0.639  |  0.654  
  0.739  |  5.016  |  0.731  |  0.747  
  0.708  |  5.023  |  0.708  |  0.708  
  0.693  |  5.030  |  0.700  |  0.685  
  0.708  |  5.037  |  0.708  |  0.708  
  0.677  |  5.044  |  0.677  |  0.677  
  0.662  |  5.050  |  0.662  |  0.662  
  0.724  |  5.058  |  0.731  |  0.716  
  0.662  |  5.064  |  0.670  |  0.654  
  0.693  |  5.071  |  0.700  |  0.685  
  0.708  |  5.078  |  0.708  |  0.708  
  0.693  |  5.085  |  0.685  |  0.700  
  0.677  |  5.092  |  0.677  |  0.677  
  0.708  |  5.099  |  0.700  |  0.716  
  0.677  |  5.106  |  0.677  |  0.677  
  0.693  |  5.120  |  0.693  |  0.693  
  0.693  |  5.120  |  0.693  |  0.693  
  0.754  |  5.127  |  0.754  |  0.754  
  0.647  |  5.141  |  0.654  |  0.639  
  0.708  |  5.148  |  0.716  |  0.700  
  0.677  |  5.154  |  0.677  |  0.677  
  0.724  |  5.162  |  0.716  |  0.731  
  0.693  |  5.169  |  0.693  |  0.693  
  0.724  |  5.176  |  0.724  |  0.724  
  0.677  |  5.182  |  0.677  |  0.677  
  0.708  |  5.190  |  0.708  |  0.708  
  0.708  |  5.197  |  0.708  |  0.708  
  0.677  |  5.203  |  0.685  |  0.670  
  0.693  |  5.210  |  0.693  |  0.693  
  0.708  |  5.217  |  0.708  |  0.708  
  0.708  |  5.224  |  0.716  |  0.700  
  0.693  |  5.231  |  0.693  |  0.693  
  0.677  |  5.238  |  0.685  |  0.670  
  0.708  |  5.245  |  0.708  |  0.708  
  0.708  |  5.252  |  0.708  |  0.708  
  0.662  |  5.259  |  0.662  |  0.662  
  0.724  |  5.266  |  0.724  |  0.724  
  0.662  |  5.273  |  0.654  |  0.670  
  0.693  |  5.280  |  0.685  |  0.700  
  0.662  |  5.286  |  0.662  |  0.662  
  0.739  |  5.294  |  0.739  |  0.739  
  0.677  |  5.300  |  0.685  |  0.670  
  0.724  |  5.307  |  0.724  |  0.724  
  0.677  |  5.314  |  0.677  |  0.677  
  0.724  |  5.321  |  0.724  |  0.724  
  0.631  |  5.328  |  0.623  |  0.639  
  0.770  |  5.335  |  0.770  |  0.770  
  0.647  |  5.342  |  0.647  |  0.647  
  0.724  |  5.349  |  0.724  |  0.724  
  0.662  |  5.356  |  0.670  |  0.654  
  0.708  |  5.363  |  0.708  |  0.708  
  0.770  |  5.370  |  0.770  |  0.770  
  0.662  |  5.377  |  0.662  |  0.662  
  0.677  |  5.384  |  0.670  |  0.685  
  0.693  |  5.391  |  0.685  |  0.700  
  0.677  |  5.405  |  0.677  |  0.677  
  0.677  |  5.411  |  0.685  |  0.670  
  0.724  |  5.419  |  0.724  |  0.724  
  0.662  |  5.425  |  0.662  |  0.662  
  0.724  |  5.432  |  0.724  |  0.724  
  0.693  |  5.439  |  0.693  |  0.693  
  0.708  |  5.446  |  0.716  |  0.700  
  0.724  |  5.454  |  0.724  |  0.724  
  0.693  |  5.461  |  0.693  |  0.693  
  0.677  |  5.467  |  0.677  |  0.677  
  0.739  |  5.475  |  0.731  |  0.747  
  0.631  |  5.481  |  0.623  |  0.639  
  0.693  |  5.488  |  0.693  |  0.693  
  0.754  |  5.495  |  0.754  |  0.754  
  0.693  |  5.502  |  0.700  |  0.685  
  0.647  |  5.509  |  0.639  |  0.654  
  0.724  |  5.516  |  0.724  |  0.724  
  0.693  |  5.523  |  0.685  |  0.700  
  0.708  |  5.530  |  0.700  |  0.716  
  0.647  |  5.536  |  0.647  |  0.647  
  0.708  |  5.544  |  0.708  |  0.708  
  0.693  |  5.550  |  0.700  |  0.685  
  0.708  |  5.558  |  0.700  |  0.716  
  0.662  |  5.564  |  0.662  |  0.662  
  0.724  |  5.571  |  0.731  |  0.716  
  0.677  |  5.578  |  0.677  |  0.677  
  0.677  |  5.585  |  0.677  |  0.677  
  0.754  |  5.592  |  0.754  |  0.754  
  0.708  |  5.599  |  0.708  |  0.708  
  0.647  |  5.606  |  0.639  |  0.654  
  0.708  |  5.613  |  0.708  |  0.708  
  0.693  |  5.620  |  0.693  |  0.693  
  0.677  |  5.627  |  0.670  |  0.685  
  0.708  |  5.634  |  0.708  |  0.708  
  0.754  |  5.641  |  0.762  |  0.747  
  0.677  |  5.648  |  0.677  |  0.677  
  0.693  |  5.655  |  0.693  |  0.693  
  0.693  |  5.662  |  0.700  |  0.685  
  0.708  |  5.669  |  0.708  |  0.708  
  0.662  |  5.682  |  0.670  |  0.654  
  0.693  |  5.689  |  0.693  |  0.693  
  0.677  |  5.696  |  0.670  |  0.685  
  0.708  |  5.703  |  0.708  |  0.708  
  0.724  |  5.710  |  0.724  |  0.724  
  0.724  |  5.717  |  0.731  |  0.716  
  0.662  |  5.724  |  0.662  |  0.662  
  0.739  |  5.731  |  0.739  |  0.739  
  0.677  |  5.738  |  0.677  |  0.677  
  0.708  |  5.745  |  0.700  |  0.716  
  0.677  |  5.752  |  0.677  |  0.677  
  0.739  |  5.759  |  0.739  |  0.739  
  0.647  |  5.766  |  0.654  |  0.639  
  0.724  |  5.773  |  0.716  |  0.731  
  0.662  |  5.780  |  0.670  |  0.654  
  0.693  |  5.787  |  0.693  |  0.693  
  0.693  |  5.793  |  0.700  |  0.685  
  0.724  |  5.801  |  0.724  |  0.724  
  0.677  |  5.807  |  0.677  |  0.677  
  0.647  |  5.821  |  0.639  |  0.654  
  0.647  |  5.821  |  0.639  |  0.654  
  0.662  |  5.835  |  0.670  |  0.654  
  0.662  |  5.835  |  0.670  |  0.654  
  0.647  |  5.849  |  0.647  |  0.647  
  0.724  |  5.857  |  0.724  |  0.724  
  0.677  |  5.863  |  0.677  |  0.677  
  0.739  |  5.871  |  0.731  |  0.747  
  0.693  |  5.878  |  0.693  |  0.693  
  0.677  |  5.884  |  0.677  |  0.677  
  0.677  |  5.891  |  0.677  |  0.677  
  0.693  |  5.898  |  0.693  |  0.693  
  0.724  |  5.905  |  0.731  |  0.716  
  0.693  |  5.912  |  0.693  |  0.693  
  0.754  |  5.920  |  0.754  |  0.754  
  0.677  |  5.926  |  0.677  |  0.677  
  0.708  |  5.933  |  0.708  |  0.708  
  0.662  |  5.940  |  0.662  |  0.662  
  0.754  |  5.948  |  0.754  |  0.754  
  0.647  |  5.954  |  0.647  |  0.647  
  0.724  |  5.961  |  0.724  |  0.724  
  0.708  |  5.968  |  0.708  |  0.708  
  0.708  |  5.975  |  0.708  |  0.708  
  0.693  |  5.982  |  0.693  |  0.693  
  0.693  |  5.989  |  0.700  |  0.685  
  0.693  |  5.996  |  0.693  |  0.693  
  0.708  |  6.003  |  0.700  |  0.716  
  0.677  |  6.010  |  0.677  |  0.677  
  0.677  |  6.017  |  0.677  |  0.677  
  0.708  |  6.024  |  0.716  |  0.700  
  0.724  |  6.031  |  0.731  |  0.716  
  0.677  |  6.038  |  0.685  |  0.670  
  0.662  |  6.044  |  0.662  |  0.662  
  0.677  |  6.051  |  0.677  |  0.677  
  0.739  |  6.058  |  0.739  |  0.739  
  0.708  |  6.066  |  0.708  |  0.708  
  0.708  |  6.073  |  0.708  |  0.708  
  0.677  |  6.079  |  0.677  |  0.677  
  0.739  |  6.087  |  0.747  |  0.731  
  0.647  |  6.100  |  0.647  |  0.647  
  0.708  |  6.107  |  0.708  |  0.708  
  0.693  |  6.114  |  0.700  |  0.685  
  0.754  |  6.121  |  0.754  |  0.754  
  0.677  |  6.128  |  0.670  |  0.685  
  0.708  |  6.135  |  0.708  |  0.708  
  0.677  |  6.142  |  0.677  |  0.677  
  0.708  |  6.149  |  0.708  |  0.708  
  0.708  |  6.156  |  0.700  |  0.716  
  0.693  |  6.163  |  0.693  |  0.693  
  0.708  |  6.170  |  0.708  |  0.708  
  0.693  |  6.177  |  0.693  |  0.693  
  0.708  |  6.184  |  0.708  |  0.708  
  0.693  |  6.191  |  0.693  |  0.693  
  0.693  |  6.198  |  0.693  |  0.693  
  0.708  |  6.205  |  0.708  |  0.708  
  0.693  |  6.212  |  0.693  |  0.693  
  0.708  |  6.219  |  0.700  |  0.716  
  0.677  |  6.226  |  0.685  |  0.670  
  0.708  |  6.233  |  0.708  |  0.708  
  0.677  |  6.240  |  0.670  |  0.685  
  0.724  |  6.247  |  0.724  |  0.724  
  0.693  |  6.254  |  0.693  |  0.693  
  0.677  |  6.260  |  0.677  |  0.677  
  0.708  |  6.267  |  0.700  |  0.716  
  0.677  |  6.274  |  0.677  |  0.677  
  0.754  |  6.282  |  0.754  |  0.754  
  0.708  |  6.289  |  0.708  |  0.708  
  0.616  |  6.295  |  0.608  |  0.623  
  0.693  |  6.302  |  0.685  |  0.700  
  0.724  |  6.309  |  0.724  |  0.724  
  0.724  |  6.316  |  0.731  |  0.716  
  0.693  |  6.323  |  0.700  |  0.685  
  0.693  |  6.330  |  0.693  |  0.693  
  0.724  |  6.337  |  0.724  |  0.724  
  0.693  |  6.351  |  0.693  |  0.693  
  0.693  |  6.358  |  0.700  |  0.685  
  0.708  |  6.365  |  0.708  |  0.708  
  0.724  |  6.372  |  0.724  |  0.724  
  0.631  |  6.379  |  0.623  |  0.639  
  0.754  |  6.386  |  0.762  |  0.747  
  0.693  |  6.393  |  0.693  |  0.693  
  0.708  |  6.400  |  0.700  |  0.716  
  0.647  |  6.407  |  0.639  |  0.654  
  0.754  |  6.414  |  0.754  |  0.754  
  0.662  |  6.421  |  0.662  |  0.662  
  0.739  |  6.428  |  0.739  |  0.739  
  0.662  |  6.435  |  0.654  |  0.670  
  0.708  |  6.442  |  0.716  |  0.700  
  0.662  |  6.448  |  0.670  |  0.654  
  0.739  |  6.456  |  0.739  |  0.739  
  0.662  |  6.462  |  0.654  |  0.670  
  0.739  |  6.470  |  0.739  |  0.739  
  0.677  |  6.477  |  0.677  |  0.677  
  0.693  |  6.483  |  0.700  |  0.685  
  0.739  |  6.491  |  0.739  |  0.739  
  0.677  |  6.498  |  0.685  |  0.670  
  0.662  |  6.504  |  0.662  |  0.662  
  0.724  |  6.511  |  0.724  |  0.724  
  0.724  |  6.519  |  0.724  |  0.724  
  0.677  |  6.525  |  0.685  |  0.670  
  0.724  |  6.533  |  0.724  |  0.724  
  0.708  |  6.540  |  0.700  |  0.716  
  0.708  |  6.547  |  0.708  |  0.708  
  0.631  |  6.553  |  0.631  |  0.631  
  0.739  |  6.560  |  0.739  |  0.739  
  0.708  |  6.567  |  0.700  |  0.716  
  0.662  |  6.574  |  0.662  |  0.662  
  0.693  |  6.581  |  0.693  |  0.693  
  0.662  |  6.588  |  0.670  |  0.654  
  0.724  |  6.595  |  0.731  |  0.716  
  0.739  |  6.602  |  0.739  |  0.739  
  0.693  |  6.609  |  0.685  |  0.700  
  0.708  |  6.616  |  0.708  |  0.708  
  0.662  |  6.623  |  0.654  |  0.670  
  0.662  |  6.637  |  0.654  |  0.670  
  0.724  |  6.644  |  0.724  |  0.724  
  0.708  |  6.651  |  0.708  |  0.708  
  0.724  |  6.658  |  0.731  |  0.716  
  0.662  |  6.665  |  0.670  |  0.654  
  0.724  |  6.672  |  0.731  |  0.716  
  0.677  |  6.679  |  0.677  |  0.677  
  0.724  |  6.686  |  0.716  |  0.731  
  0.677  |  6.693  |  0.677  |  0.677  
  0.708  |  6.700  |  0.716  |  0.700  
  0.708  |  6.707  |  0.708  |  0.708  
  0.662  |  6.713  |  0.654  |  0.670  
  0.677  |  6.720  |  0.670  |  0.685  
  0.724  |  6.727  |  0.724  |  0.724  
  0.693  |  6.734  |  0.693  |  0.693  
  0.724  |  6.741  |  0.731  |  0.716  
  0.677  |  6.748  |  0.685  |  0.670  
  0.724  |  6.755  |  0.724  |  0.724  
  0.677  |  6.762  |  0.677  |  0.677  
  0.739  |  6.770  |  0.731  |  0.747  
  0.662  |  6.776  |  0.662  |  0.662  
  0.739  |  6.784  |  0.747  |  0.731  
  0.662  |  6.790  |  0.662  |  0.662  
  0.739  |  6.797  |  0.731  |  0.747  
  0.662  |  6.804  |  0.662  |  0.662  
  0.739  |  6.811  |  0.739  |  0.739  
  0.708  |  6.819  |  0.700  |  0.716  
  0.708  |  6.826  |  0.708  |  0.708  
  0.647  |  6.832  |  0.647  |  0.647  
  0.724  |  6.839  |  0.731  |  0.716  
  0.693  |  6.846  |  0.693  |  0.693  
  0.693  |  6.853  |  0.700  |  0.685  
  0.708  |  6.860  |  0.708  |  0.708  
  0.677  |  6.867  |  0.677  |  0.677  
  0.708  |  6.874  |  0.708  |  0.708  
  0.647  |  6.888  |  0.647  |  0.647  
  0.708  |  6.895  |  0.700  |  0.716  
  0.693  |  6.902  |  0.693  |  0.693  
  0.693  |  6.909  |  0.700  |  0.685  
  0.693  |  6.916  |  0.693  |  0.693  
  0.724  |  6.923  |  0.716  |  0.731  
  0.677  |  6.930  |  0.677  |  0.677  
  0.739  |  6.937  |  0.739  |  0.739  
  0.662  |  6.944  |  0.662  |  0.662  
  0.739  |  6.951  |  0.747  |  0.731  
  0.693  |  6.958  |  0.685  |  0.700  
  0.708  |  6.965  |  0.716  |  0.700  
  0.677  |  6.972  |  0.677  |  0.677  
  0.724  |  6.979  |  0.724  |  0.724  
  0.693  |  6.986  |  0.693  |  0.693  
  0.708  |  6.993  |  0.708  |  0.708  
  0.677  |  7.000  |  0.677  |  0.677  
  0.677  |  7.007  |  0.670  |  0.685  
  0.724  |  7.014  |  0.724  |  0.724  
  0.693  |  7.021  |  0.693  |  0.693  
  0.724  |  7.028  |  0.724  |  0.724  
  0.724  |  7.035  |  0.724  |  0.724  
  0.677  |  7.042  |  0.677  |  0.677  
  0.693  |  7.049  |  0.693  |  0.693  
  0.708  |  7.056  |  0.708  |  0.708  
  0.693  |  7.063  |  0.685  |  0.700  
  0.708  |  7.070  |  0.716  |  0.700  
  0.647  |  7.076  |  0.647  |  0.647  
  0.754  |  7.084  |  0.754  |  0.754  
  0.662  |  7.090  |  0.654  |  0.670  
  0.754  |  7.098  |  0.754  |  0.754  
  0.724  |  7.105  |  0.724  |  0.724  
  0.662  |  7.112  |  0.662  |  0.662  
  0.693  |  7.119  |  0.693  |  0.693  
  0.754  |  7.126  |  0.747  |  0.762  
  0.616  |  7.132  |  0.623  |  0.608  
  0.693  |  7.139  |  0.693  |  0.693  
  0.708  |  7.146  |  0.700  |  0.716  
  0.724  |  7.153  |  0.716  |  0.731  
  0.677  |  7.160  |  0.677  |  0.677  
  0.708  |  7.174  |  0.708  |  0.708  
  0.708  |  7.174  |  0.708  |  0.708  
  0.739  |  7.182  |  0.747  |  0.731  
  0.647  |  7.195  |  0.647  |  0.647  
  0.754  |  7.203  |  0.754  |  0.754  
  0.647  |  7.209  |  0.647  |  0.647  
  0.739  |  7.217  |  0.739  |  0.739  
  0.724  |  7.224  |  0.724  |  0.724  
  0.708  |  7.231  |  0.708  |  0.708  
  0.677  |  7.238  |  0.685  |  0.670  
  0.724  |  7.245  |  0.716  |  0.731  
  0.662  |  7.251  |  0.662  |  0.662  
  0.708  |  7.259  |  0.716  |  0.700  
  0.677  |  7.265  |  0.685  |  0.670  
  0.693  |  7.272  |  0.685  |  0.700  
  0.708  |  7.279  |  0.708  |  0.708  
  0.724  |  7.287  |  0.731  |  0.716  
  0.677  |  7.293  |  0.685  |  0.670  
  0.708  |  7.300  |  0.716  |  0.700  
  0.677  |  7.307  |  0.685  |  0.670  
  0.693  |  7.314  |  0.693  |  0.693  
  0.724  |  7.321  |  0.716  |  0.731  
  0.693  |  7.328  |  0.693  |  0.693  
  0.724  |  7.335  |  0.731  |  0.716  
  0.677  |  7.342  |  0.685  |  0.670  
  0.708  |  7.349  |  0.716  |  0.700  
  0.724  |  7.356  |  0.716  |  0.731  
  0.647  |  7.363  |  0.647  |  0.647  
  0.677  |  7.370  |  0.670  |  0.685  
  0.724  |  7.377  |  0.724  |  0.723  
  0.708  |  7.384  |  0.708  |  0.708  
  0.677  |  7.391  |  0.677  |  0.677  
  0.739  |  7.398  |  0.739  |  0.739  
  0.662  |  7.405  |  0.662  |  0.662  
  0.708  |  7.412  |  0.708  |  0.708  
  0.677  |  7.418  |  0.685  |  0.670  
  0.724  |  7.426  |  0.724  |  0.724  
  0.724  |  7.433  |  0.724  |  0.724  
  0.724  |  7.440  |  0.724  |  0.724  
  0.677  |  7.447  |  0.677  |  0.677  
  0.708  |  7.454  |  0.708  |  0.708  
  0.677  |  7.468  |  0.677  |  0.677  
  0.708  |  7.475  |  0.708  |  0.708  
  0.739  |  7.482  |  0.739  |  0.739  
  0.677  |  7.489  |  0.677  |  0.677  
  0.693  |  7.496  |  0.693  |  0.693  
  0.677  |  7.502  |  0.677  |  0.677  
  0.708  |  7.509  |  0.700  |  0.716  
  0.708  |  7.517  |  0.700  |  0.716  
  0.708  |  7.524  |  0.708  |  0.708  
  0.693  |  7.531  |  0.700  |  0.685  
  0.708  |  7.538  |  0.708  |  0.708  
  0.662  |  7.544  |  0.662  |  0.662  
  0.724  |  7.551  |  0.724  |  0.724  
  0.739  |  7.559  |  0.739  |  0.739  
  0.647  |  7.565  |  0.647  |  0.647  
  0.724  |  7.572  |  0.724  |  0.724  
  0.677  |  7.579  |  0.685  |  0.670  
  0.724  |  7.586  |  0.724  |  0.724  
  0.662  |  7.593  |  0.654  |  0.670  
  0.708  |  7.600  |  0.700  |  0.716  
  0.693  |  7.607  |  0.693  |  0.693  
  0.739  |  7.614  |  0.731  |  0.747  
  0.631  |  7.621  |  0.639  |  0.623  
  0.724  |  7.628  |  0.724  |  0.724  
  0.693  |  7.635  |  0.693  |  0.693  
  0.739  |  7.642  |  0.739  |  0.739  
  0.677  |  7.649  |  0.677  |  0.677  
  0.770  |  7.657  |  0.770  |  0.770  
  0.647  |  7.663  |  0.647  |  0.647  
  0.754  |  7.671  |  0.754  |  0.754  
  0.647  |  7.677  |  0.647  |  0.647  
  0.693  |  7.684  |  0.693  |  0.693  
  0.724  |  7.691  |  0.716  |  0.731  
  0.739  |  7.699  |  0.747  |  0.731  
  0.647  |  7.705  |  0.647  |  0.647  
  0.662  |  7.719  |  0.662  |  0.662  
  0.662  |  7.719  |  0.662  |  0.662  
  0.662  |  7.733  |  0.670  |  0.654  
  0.693  |  7.740  |  0.700  |  0.685  
  0.708  |  7.747  |  0.708  |  0.708  
  0.677  |  7.754  |  0.685  |  0.670  
  0.693  |  7.761  |  0.693  |  0.693  
  0.739  |  7.768  |  0.739  |  0.739  
  0.708  |  7.775  |  0.708  |  0.708  
  0.708  |  7.782  |  0.708  |  0.708  
  0.677  |  7.789  |  0.677  |  0.677  
  0.739  |  7.796  |  0.739  |  0.739  
  0.708  |  7.803  |  0.708  |  0.708  
  0.662  |  7.810  |  0.662  |  0.662  
  0.693  |  7.817  |  0.693  |  0.693  
  0.708  |  7.824  |  0.708  |  0.708  
  0.677  |  7.831  |  0.670  |  0.685  
  0.693  |  7.838  |  0.693  |  0.693  
  0.708  |  7.845  |  0.708  |  0.708  
  0.693  |  7.852  |  0.693  |  0.693  
  0.708  |  7.859  |  0.708  |  0.708  
  0.724  |  7.866  |  0.716  |  0.731  
  0.677  |  7.873  |  0.677  |  0.677  
  0.724  |  7.880  |  0.724  |  0.724  
  0.693  |  7.887  |  0.700  |  0.685  
  0.662  |  7.893  |  0.670  |  0.654  
  0.724  |  7.901  |  0.724  |  0.724  
  0.724  |  7.908  |  0.724  |  0.724  
  0.677  |  7.915  |  0.685  |  0.670  
  0.724  |  7.922  |  0.724  |  0.724  
  0.739  |  7.929  |  0.739  |  0.739  
  0.647  |  7.936  |  0.647  |  0.647  
  0.647  |  7.942  |  0.647  |  0.647  
  0.724  |  7.949  |  0.724  |  0.724  
  0.708  |  7.956  |  0.708  |  0.708  
  0.708  |  7.963  |  0.700  |  0.716  

received SIGINT Ctrl-C
