CPU Frequency: 1000mhz
starting lcm thread... 
starting setpoint thread... 
starting print thread... 
initializing imu... 
initializing controller...
initializing motors...
initializing odometry...
attaching imu interupt...
we are running!!!

RUNNING...
SENSORS | ODOMETRY |
  X_DOT  |    X    |
  0.000  |  0.000  |  0.000  |  0.000  
  0.000  |  0.000  |  0.000  |  0.000  
  0.000  |  0.000  |  0.000  |  0.000  
  0.357  |  0.018  |  0.357  |  0.357  
  0.099  |  0.023  |  0.098  |  0.099  
  0.154  |  0.030  |  0.154  |  0.154  
  0.465  |  0.054  |  0.465  |  0.465  
  0.329  |  0.070  |  0.329  |  0.329  
  0.536  |  0.097  |  0.534  |  0.537  
  0.588  |  0.126  |  0.588  |  0.588  
  0.597  |  0.156  |  0.597  |  0.597  
  0.767  |  0.195  |  0.767  |  0.767  
  0.727  |  0.231  |  0.726  |  0.727  
  0.791  |  0.309  |  0.791  |  0.791  
  0.757  |  0.347  |  0.757  |  0.757  
  0.757  |  0.385  |  0.757  |  0.758  
  0.739  |  0.422  |  0.739  |  0.739  
  0.720  |  0.458  |  0.720  |  0.721  
  0.705  |  0.493  |  0.705  |  0.705  
  0.696  |  0.528  |  0.696  |  0.696  
  0.687  |  0.562  |  0.686  |  0.687  
  0.683  |  0.596  |  0.683  |  0.684  
  0.680  |  0.630  |  0.680  |  0.681  
  0.687  |  0.665  |  0.686  |  0.687  
  0.687  |  0.699  |  0.686  |  0.687  
  0.693  |  0.734  |  0.693  |  0.693  
  0.693  |  0.768  |  0.693  |  0.693  
  0.702  |  0.803  |  0.702  |  0.702  
  0.702  |  0.838  |  0.702  |  0.702  
  0.702  |  0.873  |  0.702  |  0.702  
  0.708  |  0.909  |  0.708  |  0.708  
  0.702  |  0.944  |  0.702  |  0.702  
  0.705  |  0.979  |  0.705  |  0.705  
  0.705  |  1.014  |  0.705  |  0.705  
  0.699  |  1.049  |  0.699  |  0.699  
  0.705  |  1.085  |  0.705  |  0.705  
  0.696  |  1.119  |  0.696  |  0.696  
  0.702  |  1.155  |  0.702  |  0.702  
  0.699  |  1.189  |  0.699  |  0.699  
  0.699  |  1.224  |  0.699  |  0.699  
  0.702  |  1.260  |  0.702  |  0.702  
  0.708  |  1.295  |  0.708  |  0.708  
  0.680  |  1.329  |  0.680  |  0.680  
  0.714  |  1.365  |  0.714  |  0.714  
  0.690  |  1.399  |  0.689  |  0.690  
  0.702  |  1.434  |  0.702  |  0.702  
  0.702  |  1.469  |  0.702  |  0.702  
  0.696  |  1.504  |  0.696  |  0.696  
  0.705  |  1.539  |  0.705  |  0.705  
  0.696  |  1.574  |  0.696  |  0.696  
  0.705  |  1.609  |  0.705  |  0.705  
  0.696  |  1.644  |  0.696  |  0.696  
  0.702  |  1.679  |  0.702  |  0.702  
  0.708  |  1.715  |  0.708  |  0.708  
  0.690  |  1.749  |  0.689  |  0.690  
  0.708  |  1.785  |  0.708  |  0.708  
  0.696  |  1.819  |  0.696  |  0.696  
  0.699  |  1.854  |  0.699  |  0.699  
  0.702  |  1.889  |  0.702  |  0.702  
  0.696  |  1.924  |  0.696  |  0.696  
  0.717  |  1.960  |  0.717  |  0.717  
  0.677  |  1.994  |  0.677  |  0.677  
  0.714  |  2.030  |  0.714  |  0.714  
  0.699  |  2.065  |  0.699  |  0.699  
  0.693  |  2.099  |  0.693  |  0.693  
  0.708  |  2.135  |  0.708  |  0.708  
  0.696  |  2.169  |  0.696  |  0.696  
  0.702  |  2.205  |  0.702  |  0.702  
  0.705  |  2.240  |  0.705  |  0.705  
  0.690  |  2.274  |  0.690  |  0.690  
  0.711  |  2.310  |  0.711  |  0.711  
  0.690  |  2.344  |  0.690  |  0.690  
  0.702  |  2.379  |  0.702  |  0.702  
  0.705  |  2.415  |  0.705  |  0.705  
  0.690  |  2.449  |  0.690  |  0.690  
  0.708  |  2.485  |  0.708  |  0.708  
  0.699  |  2.519  |  0.699  |  0.699  
  0.696  |  2.554  |  0.696  |  0.696  
  0.708  |  2.590  |  0.708  |  0.708  
  0.696  |  2.624  |  0.696  |  0.696  
  0.702  |  2.660  |  0.702  |  0.702  
  0.702  |  2.695  |  0.702  |  0.702  
  0.702  |  2.730  |  0.702  |  0.702  
  0.702  |  2.765  |  0.702  |  0.702  
  0.699  |  2.800  |  0.699  |  0.699  
  0.705  |  2.835  |  0.705  |  0.705  
  0.693  |  2.870  |  0.693  |  0.693  
  0.708  |  2.905  |  0.708  |  0.708  
  0.687  |  2.939  |  0.686  |  0.687  
  0.708  |  2.975  |  0.708  |  0.708  
  0.702  |  3.010  |  0.702  |  0.702  
  0.690  |  3.044  |  0.690  |  0.690  
  0.711  |  3.080  |  0.711  |  0.711  
  0.699  |  3.115  |  0.699  |  0.699  
  0.699  |  3.150  |  0.699  |  0.699  
  0.696  |  3.185  |  0.696  |  0.696  
  0.702  |  3.220  |  0.702  |  0.702  
  0.699  |  3.255  |  0.699  |  0.699  
  0.696  |  3.289  |  0.696  |  0.696  
  0.705  |  3.325  |  0.705  |  0.705  
  0.696  |  3.359  |  0.696  |  0.696  
  0.711  |  3.395  |  0.711  |  0.711  
  0.696  |  3.430  |  0.696  |  0.696  
  0.702  |  3.465  |  0.702  |  0.702  
  0.702  |  3.500  |  0.702  |  0.702  
  0.696  |  3.535  |  0.696  |  0.696  
  0.702  |  3.570  |  0.702  |  0.702  
  0.699  |  3.605  |  0.699  |  0.699  
  0.699  |  3.640  |  0.699  |  0.699  
  0.702  |  3.675  |  0.702  |  0.702  
  0.702  |  3.710  |  0.702  |  0.702  
  0.690  |  3.744  |  0.690  |  0.690  
  0.711  |  3.780  |  0.711  |  0.711  
  0.693  |  3.815  |  0.693  |  0.693  
  0.702  |  3.850  |  0.702  |  0.702  
  0.705  |  3.885  |  0.705  |  0.705  
  0.696  |  3.920  |  0.696  |  0.696  
  0.702  |  3.955  |  0.702  |  0.702  
  0.705  |  3.990  |  0.705  |  0.705  
  0.690  |  4.025  |  0.690  |  0.690  
  0.708  |  4.060  |  0.708  |  0.708  
  0.696  |  4.095  |  0.696  |  0.696  
  0.699  |  4.130  |  0.699  |  0.699  
  0.708  |  4.165  |  0.708  |  0.708  
  0.693  |  4.200  |  0.693  |  0.693  
  0.705  |  4.235  |  0.705  |  0.705  
  0.696  |  4.305  |  0.696  |  0.696  
  0.708  |  4.340  |  0.708  |  0.708  
  0.693  |  4.375  |  0.693  |  0.693  
  0.702  |  4.410  |  0.702  |  0.702  
  0.705  |  4.445  |  0.705  |  0.705  
  0.693  |  4.480  |  0.693  |  0.693  
  0.705  |  4.515  |  0.705  |  0.705  
  0.699  |  4.550  |  0.699  |  0.699  
  0.702  |  4.585  |  0.702  |  0.702  
  0.693  |  4.620  |  0.693  |  0.693  
  0.708  |  4.655  |  0.708  |  0.708  
  0.696  |  4.690  |  0.696  |  0.696  
  0.696  |  4.725  |  0.696  |  0.696  
  0.708  |  4.760  |  0.708  |  0.708  
  0.696  |  4.795  |  0.696  |  0.696  
  0.699  |  4.830  |  0.699  |  0.699  
  0.717  |  4.866  |  0.717  |  0.718  
  0.671  |  4.899  |  0.671  |  0.671  
  0.717  |  4.935  |  0.717  |  0.717  
  0.693  |  4.970  |  0.693  |  0.693  
  0.693  |  5.004  |  0.693  |  0.693  
  0.711  |  5.040  |  0.711  |  0.711  
  0.690  |  5.074  |  0.690  |  0.690  
  0.708  |  5.110  |  0.708  |  0.708  
  0.705  |  5.145  |  0.705  |  0.705  
  0.699  |  5.180  |  0.699  |  0.699  
  0.705  |  5.215  |  0.705  |  0.705  
  0.693  |  5.250  |  0.693  |  0.693  
  0.705  |  5.285  |  0.705  |  0.705  
  0.699  |  5.320  |  0.699  |  0.699  

received SIGINT Ctrl-C
