CPU Frequency: 1000mhz
starting lcm thread... 
starting setpoint thread... 
starting print thread... 
initializing imu... 
initializing controller...
initializing motors...
initializing odometry...
attaching imu interupt...
we are running!!!

RUNNING...
SENSORS | ODOMETRY |
  X_DOT  |    X    |
  0.000  |  0.000  |  0.000  |  0.000  
  0.000  |  0.000  |  0.000  |  0.000  
  0.105  |  0.005  |  0.106  |  0.103  
  0.459  |  0.028  |  0.459  |  0.459  
  0.764  |  0.066  |  0.763  |  0.764  
  0.884  |  0.111  |  0.883  |  0.884  
  0.896  |  0.155  |  0.896  |  0.896  
  0.800  |  0.195  |  0.800  |  0.801  
  0.665  |  0.229  |  0.665  |  0.665  
  0.545  |  0.256  |  0.545  |  0.545  
  0.526  |  0.282  |  0.526  |  0.527  
  0.600  |  0.312  |  0.602  |  0.599  
  0.727  |  0.349  |  0.727  |  0.727  
  0.825  |  0.390  |  0.825  |  0.825  
  0.853  |  0.432  |  0.853  |  0.853  
  0.794  |  0.472  |  0.794  |  0.794  
  0.693  |  0.507  |  0.693  |  0.693  
  0.594  |  0.536  |  0.594  |  0.594  
  0.566  |  0.565  |  0.566  |  0.567  
  0.613  |  0.595  |  0.614  |  0.611  
  0.699  |  0.630  |  0.699  |  0.699  
  0.782  |  0.669  |  0.782  |  0.782  
  0.810  |  0.710  |  0.811  |  0.808  
  0.785  |  0.749  |  0.787  |  0.784  
  0.714  |  0.785  |  0.714  |  0.714  
  0.640  |  0.817  |  0.640  |  0.640  
  0.600  |  0.847  |  0.599  |  0.602  
  0.619  |  0.878  |  0.619  |  0.619  
  0.683  |  0.912  |  0.682  |  0.685  
  0.751  |  0.950  |  0.750  |  0.753  
  0.779  |  0.989  |  0.780  |  0.777  
  0.773  |  1.027  |  0.772  |  0.773  
  0.724  |  1.063  |  0.725  |  0.722  
  0.665  |  1.097  |  0.667  |  0.663  
  0.634  |  1.128  |  0.634  |  0.634  
  0.631  |  1.160  |  0.630  |  0.633  
  0.677  |  1.194  |  0.676  |  0.679  
  0.720  |  1.230  |  0.720  |  0.720  
  0.757  |  1.268  |  0.759  |  0.756  
  0.757  |  1.306  |  0.759  |  0.756  
  0.730  |  1.342  |  0.730  |  0.730  
  0.687  |  1.376  |  0.685  |  0.688  
  0.653  |  1.409  |  0.651  |  0.654  
  0.650  |  1.441  |  0.648  |  0.651  
  0.671  |  1.475  |  0.673  |  0.670  
  0.702  |  1.510  |  0.702  |  0.702  
  0.739  |  1.547  |  0.740  |  0.737  
  0.742  |  1.584  |  0.742  |  0.742  
  0.739  |  1.621  |  0.739  |  0.739  
  0.702  |  1.656  |  0.703  |  0.700  
  0.668  |  1.690  |  0.667  |  0.670  
  0.656  |  1.722  |  0.654  |  0.657  
  0.662  |  1.755  |  0.660  |  0.663  
  0.702  |  1.791  |  0.702  |  0.702  
  0.730  |  1.827  |  0.731  |  0.728  
  0.736  |  1.864  |  0.736  |  0.736  
  0.733  |  1.900  |  0.733  |  0.733  
  0.702  |  1.936  |  0.703  |  0.700  
  0.680  |  1.970  |  0.680  |  0.681  
  0.668  |  2.003  |  0.668  |  0.668  
  0.671  |  2.037  |  0.671  |  0.671  
  0.690  |  2.071  |  0.691  |  0.688  
  0.714  |  2.107  |  0.713  |  0.716  
  0.730  |  2.143  |  0.728  |  0.731  
  0.730  |  2.180  |  0.730  |  0.730  
  0.711  |  2.215  |  0.713  |  0.710  
  0.690  |  2.250  |  0.691  |  0.688  
  0.674  |  2.283  |  0.674  |  0.674  
  0.674  |  2.317  |  0.674  |  0.674  
  0.687  |  2.352  |  0.685  |  0.688  
  0.705  |  2.387  |  0.705  |  0.705  
  0.724  |  2.423  |  0.724  |  0.724  
  0.727  |  2.459  |  0.727  |  0.727  
  0.714  |  2.495  |  0.714  |  0.714  
  0.696  |  2.530  |  0.696  |  0.696  
  0.680  |  2.564  |  0.680  |  0.680  
  0.674  |  2.598  |  0.674  |  0.674  
  0.687  |  2.632  |  0.685  |  0.688  
  0.699  |  2.667  |  0.699  |  0.699  
  0.720  |  2.703  |  0.720  |  0.720  
  0.717  |  2.739  |  0.717  |  0.717  
  0.717  |  2.775  |  0.717  |  0.717  
  0.702  |  2.810  |  0.702  |  0.702  
  0.690  |  2.844  |  0.689  |  0.690  
  0.683  |  2.878  |  0.685  |  0.682  
  0.680  |  2.912  |  0.680  |  0.680  
  0.693  |  2.947  |  0.694  |  0.691  
  0.714  |  2.983  |  0.714  |  0.714  
  0.711  |  3.018  |  0.710  |  0.713  
  0.720  |  3.054  |  0.720  |  0.720  
  0.702  |  3.089  |  0.700  |  0.703  
  0.693  |  3.124  |  0.693  |  0.693  
  0.687  |  3.158  |  0.687  |  0.687  
  0.693  |  3.193  |  0.694  |  0.691  
  0.690  |  3.227  |  0.691  |  0.688  
  0.702  |  3.263  |  0.702  |  0.702  
  0.708  |  3.298  |  0.707  |  0.710  
  0.714  |  3.334  |  0.713  |  0.716  
  0.708  |  3.369  |  0.708  |  0.708  
  0.702  |  3.404  |  0.700  |  0.703  
  0.693  |  3.439  |  0.693  |  0.693  
  0.687  |  3.473  |  0.686  |  0.687  
  0.687  |  3.507  |  0.688  |  0.685  
  0.702  |  3.543  |  0.703  |  0.700  
  0.714  |  3.578  |  0.714  |  0.714  
  0.702  |  3.613  |  0.702  |  0.702  
  0.711  |  3.649  |  0.711  |  0.711  
  0.705  |  3.684  |  0.705  |  0.705  
  0.693  |  3.719  |  0.693  |  0.693  
  0.690  |  3.788  |  0.691  |  0.688  
  0.702  |  3.823  |  0.703  |  0.700  
  0.699  |  3.858  |  0.699  |  0.699  
  0.714  |  3.894  |  0.714  |  0.714  
  0.705  |  3.929  |  0.705  |  0.705  
  0.705  |  3.964  |  0.705  |  0.705  
  0.696  |  3.999  |  0.696  |  0.696  
  0.690  |  4.033  |  0.688  |  0.691  
  0.693  |  4.068  |  0.691  |  0.694  
  0.696  |  4.103  |  0.694  |  0.697  
  0.702  |  4.138  |  0.703  |  0.700  
  0.711  |  4.173  |  0.713  |  0.710  
  0.699  |  4.208  |  0.700  |  0.697  
  0.711  |  4.244  |  0.711  |  0.711  
  0.702  |  4.279  |  0.702  |  0.702  
  0.696  |  4.314  |  0.696  |  0.696  
  0.693  |  4.348  |  0.693  |  0.693  
  0.696  |  4.383  |  0.696  |  0.696  
  0.696  |  4.418  |  0.696  |  0.696  
  0.705  |  4.453  |  0.703  |  0.707  
  0.702  |  4.488  |  0.700  |  0.703  
  0.708  |  4.524  |  0.707  |  0.710  
  0.696  |  4.559  |  0.696  |  0.696  
  0.702  |  4.594  |  0.702  |  0.702  
  0.699  |  4.629  |  0.699  |  0.699  
  0.696  |  4.663  |  0.696  |  0.696  
  0.702  |  4.698  |  0.702  |  0.702  
  0.696  |  4.733  |  0.696  |  0.696  
  0.702  |  4.768  |  0.702  |  0.702  
  0.702  |  4.803  |  0.702  |  0.702  
  0.699  |  4.838  |  0.700  |  0.697  
  0.702  |  4.873  |  0.702  |  0.702  
  0.702  |  4.909  |  0.702  |  0.702  
  0.702  |  4.944  |  0.702  |  0.702  
  0.702  |  4.979  |  0.702  |  0.702  
  0.696  |  5.014  |  0.696  |  0.696  
  0.696  |  5.048  |  0.696  |  0.696  
  0.696  |  5.083  |  0.696  |  0.696  
  0.702  |  5.118  |  0.702  |  0.702  
  0.708  |  5.154  |  0.708  |  0.708  
  0.702  |  5.189  |  0.702  |  0.702  
  0.702  |  5.224  |  0.702  |  0.702  
  0.699  |  5.259  |  0.699  |  0.699  
  0.693  |  5.293  |  0.693  |  0.693  
  0.699  |  5.328  |  0.700  |  0.697  
  0.693  |  5.363  |  0.693  |  0.693  
  0.702  |  5.398  |  0.702  |  0.702  
  0.705  |  5.433  |  0.707  |  0.703  
  0.708  |  5.469  |  0.708  |  0.708  
  0.705  |  5.504  |  0.705  |  0.705  
  0.696  |  5.539  |  0.694  |  0.697  
  0.693  |  5.573  |  0.694  |  0.691  
  0.696  |  5.608  |  0.696  |  0.696  
  0.696  |  5.643  |  0.697  |  0.694  
  0.705  |  5.678  |  0.707  |  0.703  
  0.714  |  5.714  |  0.714  |  0.714  
  0.693  |  5.749  |  0.691  |  0.694  
  0.693  |  5.783  |  0.691  |  0.694  
  0.702  |  5.818  |  0.700  |  0.703  
  0.708  |  5.854  |  0.708  |  0.708  
  0.696  |  5.889  |  0.697  |  0.694  
  0.696  |  5.923  |  0.697  |  0.694  
  0.699  |  5.958  |  0.697  |  0.700  
  0.699  |  5.993  |  0.700  |  0.697  
  0.702  |  6.028  |  0.700  |  0.703  
  0.702  |  6.063  |  0.702  |  0.702  
  0.702  |  6.098  |  0.700  |  0.703  
  0.702  |  6.134  |  0.702  |  0.702  
  0.702  |  6.169  |  0.702  |  0.702  
  0.699  |  6.204  |  0.700  |  0.697  
  0.693  |  6.238  |  0.693  |  0.693  
  0.699  |  6.273  |  0.697  |  0.700  
  0.699  |  6.308  |  0.699  |  0.699  
  0.702  |  6.343  |  0.700  |  0.703  
  0.708  |  6.379  |  0.708  |  0.708  
  0.705  |  6.414  |  0.705  |  0.705  
  0.693  |  6.449  |  0.694  |  0.691  
  0.702  |  6.484  |  0.702  |  0.702  
  0.693  |  6.518  |  0.694  |  0.691  
  0.699  |  6.553  |  0.700  |  0.697  
  0.699  |  6.588  |  0.699  |  0.699  
  0.708  |  6.624  |  0.708  |  0.708  
  0.699  |  6.659  |  0.697  |  0.700  
  0.705  |  6.694  |  0.703  |  0.707  
  0.705  |  6.729  |  0.705  |  0.705  
  0.696  |  6.764  |  0.697  |  0.694  
  0.693  |  6.798  |  0.694  |  0.691  
  0.696  |  6.833  |  0.697  |  0.694  
  0.702  |  6.868  |  0.702  |  0.702  
  0.699  |  6.903  |  0.697  |  0.700  
  0.705  |  6.939  |  0.705  |  0.705  
  0.699  |  6.973  |  0.697  |  0.700  
  0.702  |  7.009  |  0.700  |  0.703  
  0.699  |  7.044  |  0.699  |  0.699  
  0.702  |  7.079  |  0.703  |  0.700  
  0.696  |  7.113  |  0.697  |  0.694  
  0.699  |  7.148  |  0.697  |  0.700  
  0.699  |  7.183  |  0.700  |  0.697  
  0.705  |  7.219  |  0.705  |  0.705  
  0.705  |  7.254  |  0.705  |  0.705  
  0.699  |  7.289  |  0.697  |  0.700  
  0.699  |  7.324  |  0.697  |  0.700  
  0.693  |  7.358  |  0.691  |  0.694  
  0.696  |  7.393  |  0.697  |  0.694  
  0.705  |  7.428  |  0.705  |  0.705  
  0.702  |  7.463  |  0.703  |  0.700  
  0.705  |  7.499  |  0.707  |  0.703  
  0.705  |  7.534  |  0.707  |  0.703  
  0.699  |  7.569  |  0.699  |  0.699  
  0.696  |  7.604  |  0.694  |  0.697  
  0.696  |  7.638  |  0.694  |  0.697  
  0.693  |  7.673  |  0.691  |  0.694  
  0.702  |  7.708  |  0.702  |  0.702  
  0.705  |  7.743  |  0.705  |  0.705  
  0.708  |  7.779  |  0.708  |  0.708  
  0.702  |  7.814  |  0.702  |  0.702  
  0.705  |  7.849  |  0.705  |  0.705  
  0.693  |  7.918  |  0.693  |  0.693  
  0.699  |  7.953  |  0.699  |  0.699  
  0.702  |  7.988  |  0.703  |  0.700  
  0.711  |  8.024  |  0.713  |  0.710  
  0.699  |  8.059  |  0.699  |  0.699  
  0.705  |  8.094  |  0.705  |  0.705  
  0.699  |  8.129  |  0.699  |  0.699  
  0.699  |  8.164  |  0.699  |  0.699  
  0.696  |  8.199  |  0.696  |  0.696  
  0.693  |  8.233  |  0.693  |  0.693  
  0.702  |  8.268  |  0.702  |  0.702  
  0.705  |  8.304  |  0.705  |  0.705  
  0.702  |  8.339  |  0.703  |  0.700  
  0.702  |  8.374  |  0.702  |  0.702  
  0.702  |  8.409  |  0.700  |  0.703  
  0.696  |  8.444  |  0.694  |  0.697  
  0.696  |  8.478  |  0.696  |  0.696  
  0.696  |  8.513  |  0.697  |  0.694  
  0.702  |  8.548  |  0.702  |  0.702  
  0.705  |  8.584  |  0.705  |  0.705  
  0.702  |  8.619  |  0.703  |  0.700  
  0.705  |  8.654  |  0.705  |  0.705  
  0.696  |  8.689  |  0.697  |  0.694  
  0.699  |  8.724  |  0.699  |  0.699  
  0.696  |  8.759  |  0.694  |  0.697  
  0.696  |  8.793  |  0.694  |  0.697  
  0.702  |  8.828  |  0.700  |  0.703  
  0.702  |  8.863  |  0.703  |  0.700  
  0.708  |  8.899  |  0.708  |  0.708  
  0.702  |  8.934  |  0.702  |  0.702  
  0.702  |  8.969  |  0.702  |  0.702  
  0.696  |  9.004  |  0.697  |  0.694  
  0.705  |  9.039  |  0.705  |  0.705  
  0.680  |  9.073  |  0.682  |  0.679  
  0.696  |  9.108  |  0.694  |  0.697  
  0.702  |  9.143  |  0.702  |  0.702  
  0.714  |  9.179  |  0.716  |  0.713  
  0.714  |  9.214  |  0.716  |  0.713  
  0.696  |  9.249  |  0.696  |  0.696  
  0.696  |  9.284  |  0.694  |  0.697  
  0.690  |  9.319  |  0.689  |  0.690  
  0.693  |  9.353  |  0.693  |  0.693  
  0.696  |  9.388  |  0.696  |  0.696  
  0.705  |  9.423  |  0.705  |  0.705  
  0.708  |  9.459  |  0.708  |  0.708  
  0.708  |  9.494  |  0.708  |  0.708  
  0.705  |  9.529  |  0.703  |  0.707  
  0.696  |  9.564  |  0.694  |  0.697  
  0.696  |  9.599  |  0.696  |  0.696  
  0.693  |  9.633  |  0.694  |  0.691  
  0.696  |  9.668  |  0.696  |  0.696  
  0.702  |  9.703  |  0.703  |  0.700  
  0.702  |  9.738  |  0.702  |  0.702  
  0.705  |  9.774  |  0.703  |  0.707  
  0.702  |  9.809  |  0.702  |  0.702  
  0.705  |  9.844  |  0.705  |  0.705  
  0.702  |  9.879  |  0.702  |  0.702  
  0.696  |  9.914  |  0.697  |  0.694  
  0.693  |  9.949  |  0.693  |  0.693  
  0.699  |  9.984  |  0.699  |  0.699  
  0.696  | 10.018  |  0.696  |  0.696  
  0.702  | 10.053  |  0.700  |  0.703  
  0.705  | 10.089  |  0.705  |  0.705  
  0.705  | 10.124  |  0.705  |  0.705  
  0.702  | 10.159  |  0.702  |  0.702  
  0.699  | 10.194  |  0.697  |  0.700  
  0.696  | 10.229  |  0.697  |  0.694  
  0.693  | 10.263  |  0.693  |  0.693  
  0.705  | 10.299  |  0.705  |  0.705  
  0.693  | 10.333  |  0.694  |  0.691  
  0.702  | 10.368  |  0.703  |  0.700  
  0.705  | 10.404  |  0.705  |  0.705  
  0.702  | 10.439  |  0.700  |  0.703  
  0.705  | 10.474  |  0.705  |  0.705  
  0.699  | 10.509  |  0.697  |  0.700  
  0.699  | 10.544  |  0.699  |  0.699  
  0.696  | 10.579  |  0.696  |  0.696  
  0.696  | 10.613  |  0.696  |  0.696  
  0.699  | 10.648  |  0.700  |  0.697  
  0.702  | 10.683  |  0.703  |  0.700  
  0.711  | 10.719  |  0.711  |  0.711  
  0.696  | 10.754  |  0.694  |  0.697  
  0.702  | 10.789  |  0.700  |  0.703  
  0.696  | 10.824  |  0.694  |  0.697  
  0.699  | 10.859  |  0.699  |  0.699  
  0.699  | 10.894  |  0.699  |  0.699  
  0.696  | 10.928  |  0.697  |  0.694  
  0.708  | 10.964  |  0.708  |  0.708  
  0.705  | 10.999  |  0.707  |  0.703  
  0.699  | 11.034  |  0.699  |  0.699  
  0.699  | 11.069  |  0.699  |  0.699  
  0.696  | 11.104  |  0.694  |  0.697  
  0.696  | 11.138  |  0.694  |  0.697  
  0.702  | 11.174  |  0.702  |  0.702  
  0.702  | 11.209  |  0.703  |  0.700  
  0.702  | 11.244  |  0.703  |  0.700  
  0.702  | 11.279  |  0.703  |  0.700  
  0.702  | 11.314  |  0.702  |  0.702  
  0.699  | 11.349  |  0.697  |  0.700  
  0.696  | 11.384  |  0.696  |  0.696  
  0.705  | 11.419  |  0.703  |  0.707  
  0.693  | 11.454  |  0.693  |  0.693  
  0.699  | 11.489  |  0.699  |  0.699  
  0.702  | 11.524  |  0.702  |  0.702  
  0.702  | 11.559  |  0.703  |  0.700  
  0.702  | 11.594  |  0.703  |  0.700  
  0.702  | 11.629  |  0.702  |  0.702  
  0.702  | 11.664  |  0.700  |  0.703  
  0.696  | 11.699  |  0.694  |  0.697  
  0.699  | 11.734  |  0.699  |  0.699  
  0.699  | 11.769  |  0.699  |  0.699  
  0.705  | 11.804  |  0.705  |  0.705  
  0.693  | 11.839  |  0.693  |  0.693  
  0.699  | 11.908  |  0.699  |  0.699  
  0.702  | 11.944  |  0.702  |  0.702  
  0.708  | 11.979  |  0.707  |  0.710  
  0.699  | 12.014  |  0.699  |  0.699  
  0.702  | 12.049  |  0.700  |  0.703  
  0.696  | 12.084  |  0.696  |  0.696  
  0.699  | 12.119  |  0.699  |  0.699  
  0.699  | 12.154  |  0.700  |  0.697  
  0.699  | 12.189  |  0.700  |  0.697  
  0.705  | 12.224  |  0.705  |  0.705  
  0.699  | 12.259  |  0.700  |  0.697  
  0.699  | 12.294  |  0.700  |  0.697  
  0.699  | 12.329  |  0.699  |  0.699  
  0.702  | 12.364  |  0.702  |  0.702  
  0.705  | 12.399  |  0.705  |  0.705  
  0.699  | 12.434  |  0.699  |  0.699  
  0.699  | 12.469  |  0.699  |  0.699  
  0.699  | 12.504  |  0.699  |  0.699  
  0.699  | 12.539  |  0.699  |  0.699  
  0.699  | 12.574  |  0.699  |  0.699  
  0.696  | 12.609  |  0.696  |  0.696  
  0.702  | 12.644  |  0.702  |  0.702  
  0.696  | 12.678  |  0.696  |  0.696  
  0.699  | 12.713  |  0.699  |  0.699  
  0.711  | 12.749  |  0.711  |  0.711  
  0.699  | 12.784  |  0.699  |  0.699  
  0.705  | 12.819  |  0.705  |  0.705  
  0.690  | 12.854  |  0.690  |  0.690  
  0.702  | 12.889  |  0.702  |  0.702  

received SIGINT Ctrl-C
