CPU Frequency: 1000mhz
starting lcm thread... 
starting setpoint thread... 
starting print thread... 
initializing imu... 
initializing controller...
initializing motors...
initializing odometry...
attaching imu interupt...
we are running!!!

RUNNING...
SENSORS | ODOMETRY |
  X_DOT  |    X    |
  0.000  |  0.000  |  0.000  |  0.000  
  0.000  |  0.000  |  0.000  |  0.000  
  0.000  |  0.000  |  0.000  |  0.000  
  0.265  |  0.013  |  0.265  |  0.265  
  0.459  |  0.036  |  0.459  |  0.459  
  0.373  |  0.055  |  0.372  |  0.373  
  0.336  |  0.072  |  0.335  |  0.336  
  0.379  |  0.091  |  0.379  |  0.379  
  0.397  |  0.110  |  0.397  |  0.397  
  0.388  |  0.130  |  0.388  |  0.388  
  0.403  |  0.150  |  0.403  |  0.403  
  0.413  |  0.171  |  0.412  |  0.413  
  0.416  |  0.191  |  0.415  |  0.416  
  0.428  |  0.213  |  0.428  |  0.428  
  0.437  |  0.256  |  0.437  |  0.437  
  0.446  |  0.278  |  0.446  |  0.447  
  0.456  |  0.301  |  0.456  |  0.456  
  0.459  |  0.324  |  0.459  |  0.459  
  0.456  |  0.347  |  0.456  |  0.456  
  0.474  |  0.371  |  0.474  |  0.474  
  0.483  |  0.395  |  0.483  |  0.483  
  0.477  |  0.419  |  0.477  |  0.477  
  0.490  |  0.443  |  0.489  |  0.490  
  0.490  |  0.468  |  0.489  |  0.490  
  0.505  |  0.493  |  0.505  |  0.505  
  0.502  |  0.518  |  0.502  |  0.502  
  0.508  |  0.543  |  0.508  |  0.508  
  0.514  |  0.569  |  0.514  |  0.514  
  0.517  |  0.595  |  0.517  |  0.517  
  0.526  |  0.621  |  0.526  |  0.527  
  0.526  |  0.648  |  0.526  |  0.527  
  0.533  |  0.674  |  0.532  |  0.533  
  0.539  |  0.701  |  0.539  |  0.539  
  0.545  |  0.728  |  0.545  |  0.545  
  0.539  |  0.755  |  0.539  |  0.539  
  0.551  |  0.783  |  0.551  |  0.551  
  0.554  |  0.811  |  0.554  |  0.554  
  0.560  |  0.839  |  0.560  |  0.560  
  0.557  |  0.867  |  0.557  |  0.557  
  0.563  |  0.895  |  0.563  |  0.564  
  0.573  |  0.923  |  0.573  |  0.573  
  0.570  |  0.952  |  0.569  |  0.570  
  0.573  |  0.980  |  0.573  |  0.573  
  0.579  |  1.009  |  0.579  |  0.579  
  0.582  |  1.038  |  0.582  |  0.582  
  0.585  |  1.068  |  0.585  |  0.585  
  0.585  |  1.097  |  0.585  |  0.585  
  0.597  |  1.127  |  0.597  |  0.597  
  0.585  |  1.156  |  0.585  |  0.585  
  0.597  |  1.186  |  0.597  |  0.597  
  0.600  |  1.216  |  0.600  |  0.601  
  0.600  |  1.246  |  0.600  |  0.600  
  0.603  |  1.276  |  0.603  |  0.603  
  0.600  |  1.306  |  0.600  |  0.600  
  0.622  |  1.337  |  0.622  |  0.622  
  0.600  |  1.367  |  0.600  |  0.600  
  0.610  |  1.398  |  0.609  |  0.610  
  0.619  |  1.429  |  0.619  |  0.619  
  0.616  |  1.459  |  0.616  |  0.616  
  0.622  |  1.491  |  0.622  |  0.622  
  0.622  |  1.522  |  0.622  |  0.622  
  0.622  |  1.553  |  0.622  |  0.622  
  0.631  |  1.584  |  0.631  |  0.631  
  0.622  |  1.615  |  0.622  |  0.622  
  0.625  |  1.647  |  0.625  |  0.625  
  0.634  |  1.678  |  0.634  |  0.634  
  0.631  |  1.710  |  0.631  |  0.631  
  0.634  |  1.742  |  0.634  |  0.634  
  0.637  |  1.773  |  0.637  |  0.637  
  0.640  |  1.806  |  0.640  |  0.640  
  0.640  |  1.838  |  0.640  |  0.640  
  0.640  |  1.870  |  0.640  |  0.640  
  0.647  |  1.902  |  0.646  |  0.647  
  0.640  |  1.934  |  0.640  |  0.640  
  0.647  |  1.966  |  0.646  |  0.647  
  0.650  |  1.999  |  0.650  |  0.650  
  0.647  |  2.031  |  0.646  |  0.647  
  0.647  |  2.063  |  0.646  |  0.647  
  0.665  |  2.097  |  0.665  |  0.665  
  0.643  |  2.129  |  0.643  |  0.644  
  0.653  |  2.161  |  0.653  |  0.653  
  0.653  |  2.194  |  0.653  |  0.653  
  0.659  |  2.227  |  0.659  |  0.659  
  0.659  |  2.260  |  0.659  |  0.659  
  0.659  |  2.293  |  0.659  |  0.659  
  0.662  |  2.326  |  0.662  |  0.662  
  0.656  |  2.359  |  0.656  |  0.656  
  0.662  |  2.392  |  0.662  |  0.662  
  0.665  |  2.425  |  0.665  |  0.665  
  0.665  |  2.458  |  0.665  |  0.665  
  0.668  |  2.492  |  0.668  |  0.668  
  0.665  |  2.525  |  0.665  |  0.665  
  0.656  |  2.558  |  0.656  |  0.656  
  0.674  |  2.592  |  0.674  |  0.674  
  0.671  |  2.625  |  0.671  |  0.671  
  0.668  |  2.658  |  0.668  |  0.668  
  0.665  |  2.692  |  0.665  |  0.665  
  0.671  |  2.725  |  0.671  |  0.671  
  0.674  |  2.759  |  0.674  |  0.674  
  0.671  |  2.793  |  0.671  |  0.671  
  0.674  |  2.826  |  0.674  |  0.674  
  0.671  |  2.860  |  0.671  |  0.671  
  0.674  |  2.894  |  0.676  |  0.673  
  0.677  |  2.927  |  0.679  |  0.676  
  0.674  |  2.961  |  0.676  |  0.673  
  0.680  |  2.995  |  0.680  |  0.680  
  0.674  |  3.029  |  0.674  |  0.674  
  0.677  |  3.063  |  0.679  |  0.676  
  0.680  |  3.097  |  0.680  |  0.680  
  0.680  |  3.131  |  0.682  |  0.679  
  0.680  |  3.165  |  0.682  |  0.679  
  0.680  |  3.199  |  0.680  |  0.680  
  0.683  |  3.233  |  0.683  |  0.683  
  0.680  |  3.267  |  0.682  |  0.679  
  0.680  |  3.301  |  0.682  |  0.679  
  0.687  |  3.335  |  0.687  |  0.687  
  0.683  |  3.369  |  0.685  |  0.682  
  0.680  |  3.404  |  0.682  |  0.679  
  0.687  |  3.438  |  0.687  |  0.687  
  0.687  |  3.472  |  0.687  |  0.687  
  0.690  |  3.507  |  0.691  |  0.688  
  0.674  |  3.540  |  0.676  |  0.673  
  0.690  |  3.575  |  0.690  |  0.690  
  0.690  |  3.609  |  0.691  |  0.688  
  0.687  |  3.644  |  0.687  |  0.687  
  0.690  |  3.678  |  0.690  |  0.690  
  0.683  |  3.712  |  0.685  |  0.682  
  0.687  |  3.747  |  0.688  |  0.685  
  0.693  |  3.781  |  0.693  |  0.693  
  0.687  |  3.816  |  0.688  |  0.685  
  0.693  |  3.850  |  0.693  |  0.693  
  0.683  |  3.884  |  0.685  |  0.682  
  0.690  |  3.919  |  0.691  |  0.688  
  0.693  |  3.954  |  0.693  |  0.693  
  0.690  |  3.988  |  0.691  |  0.688  
  0.693  |  4.023  |  0.694  |  0.691  
  0.687  |  4.057  |  0.687  |  0.687  
  0.690  |  4.091  |  0.691  |  0.688  
  0.693  |  4.126  |  0.693  |  0.693  
  0.696  |  4.161  |  0.697  |  0.694  
  0.687  |  4.230  |  0.688  |  0.685  
  0.693  |  4.264  |  0.691  |  0.694  
  0.693  |  4.299  |  0.694  |  0.691  
  0.693  |  4.334  |  0.694  |  0.691  
  0.693  |  4.368  |  0.693  |  0.693  
  0.693  |  4.403  |  0.693  |  0.693  
  0.693  |  4.438  |  0.694  |  0.691  
  0.687  |  4.472  |  0.687  |  0.687  
  0.702  |  4.507  |  0.702  |  0.702  
  0.693  |  4.542  |  0.694  |  0.691  
  0.693  |  4.576  |  0.693  |  0.693  
  0.693  |  4.611  |  0.694  |  0.691  
  0.696  |  4.646  |  0.694  |  0.697  
  0.693  |  4.680  |  0.693  |  0.693  
  0.693  |  4.715  |  0.694  |  0.691  
  0.693  |  4.750  |  0.694  |  0.691  
  0.705  |  4.785  |  0.705  |  0.705  
  0.690  |  4.819  |  0.691  |  0.688  
  0.693  |  4.854  |  0.693  |  0.693  
  0.699  |  4.889  |  0.700  |  0.697  
  0.696  |  4.924  |  0.696  |  0.696  
  0.699  |  4.959  |  0.700  |  0.697  
  0.690  |  4.993  |  0.690  |  0.690  
  0.702  |  5.028  |  0.702  |  0.702  
  0.702  |  5.063  |  0.702  |  0.702  
  0.687  |  5.098  |  0.688  |  0.685  
  0.696  |  5.132  |  0.697  |  0.694  
  0.699  |  5.167  |  0.700  |  0.697  
  0.699  |  5.202  |  0.699  |  0.699  
  0.696  |  5.237  |  0.696  |  0.696  
  0.696  |  5.272  |  0.696  |  0.696  
  0.696  |  5.307  |  0.696  |  0.696  
  0.699  |  5.342  |  0.699  |  0.699  
  0.699  |  5.376  |  0.699  |  0.699  
  0.696  |  5.411  |  0.697  |  0.694  
  0.693  |  5.446  |  0.691  |  0.694  
  0.699  |  5.481  |  0.699  |  0.699  
  0.699  |  5.516  |  0.700  |  0.697  
  0.696  |  5.551  |  0.694  |  0.697  
  0.702  |  5.586  |  0.702  |  0.702  
  0.693  |  5.620  |  0.693  |  0.693  
  0.696  |  5.655  |  0.697  |  0.694  
  0.699  |  5.690  |  0.699  |  0.699  
  0.699  |  5.725  |  0.699  |  0.699  
  0.696  |  5.760  |  0.697  |  0.694  
  0.696  |  5.794  |  0.696  |  0.696  
  0.699  |  5.829  |  0.699  |  0.699  
  0.699  |  5.864  |  0.699  |  0.699  
  0.699  |  5.899  |  0.699  |  0.699  
  0.699  |  5.934  |  0.699  |  0.699  
  0.696  |  5.969  |  0.696  |  0.696  
  0.699  |  6.004  |  0.699  |  0.699  
  0.702  |  6.039  |  0.702  |  0.702  
  0.696  |  6.074  |  0.696  |  0.696  
  0.699  |  6.109  |  0.700  |  0.697  
  0.696  |  6.143  |  0.696  |  0.696  
  0.696  |  6.178  |  0.697  |  0.694  
  0.699  |  6.213  |  0.700  |  0.697  
  0.699  |  6.248  |  0.699  |  0.699  
  0.699  |  6.283  |  0.699  |  0.699  
  0.699  |  6.318  |  0.699  |  0.699  
  0.699  |  6.353  |  0.699  |  0.699  
  0.699  |  6.388  |  0.699  |  0.699  
  0.696  |  6.423  |  0.696  |  0.696  
  0.702  |  6.458  |  0.702  |  0.702  
  0.696  |  6.493  |  0.694  |  0.697  
  0.702  |  6.528  |  0.702  |  0.702  
  0.696  |  6.562  |  0.697  |  0.694  
  0.699  |  6.597  |  0.700  |  0.697  
  0.702  |  6.632  |  0.702  |  0.702  
  0.702  |  6.667  |  0.703  |  0.700  
  0.690  |  6.702  |  0.690  |  0.690  
  0.699  |  6.737  |  0.697  |  0.700  
  0.702  |  6.772  |  0.703  |  0.700  
  0.705  |  6.807  |  0.705  |  0.705  
  0.696  |  6.842  |  0.696  |  0.696  
  0.699  |  6.877  |  0.699  |  0.699  
  0.699  |  6.912  |  0.699  |  0.699  
  0.699  |  6.947  |  0.697  |  0.700  
  0.702  |  6.982  |  0.702  |  0.702  
  0.699  |  7.017  |  0.699  |  0.699  
  0.696  |  7.052  |  0.694  |  0.697  
  0.702  |  7.087  |  0.702  |  0.702  
  0.702  |  7.122  |  0.700  |  0.703  
  0.693  |  7.156  |  0.693  |  0.693  
  0.705  |  7.192  |  0.705  |  0.705  
  0.699  |  7.227  |  0.699  |  0.699  
  0.699  |  7.261  |  0.699  |  0.699  
  0.702  |  7.297  |  0.700  |  0.703  
  0.699  |  7.332  |  0.699  |  0.699  
  0.699  |  7.366  |  0.700  |  0.697  
  0.696  |  7.401  |  0.697  |  0.694  
  0.699  |  7.436  |  0.700  |  0.697  
  0.705  |  7.471  |  0.705  |  0.705  
  0.702  |  7.506  |  0.700  |  0.703  
  0.696  |  7.541  |  0.696  |  0.696  
  0.705  |  7.576  |  0.707  |  0.703  
  0.699  |  7.611  |  0.699  |  0.699  
  0.699  |  7.646  |  0.699  |  0.699  
  0.699  |  7.681  |  0.697  |  0.700  
  0.702  |  7.716  |  0.702  |  0.702  
  0.699  |  7.751  |  0.700  |  0.697  
  0.702  |  7.786  |  0.702  |  0.702  
  0.699  |  7.821  |  0.697  |  0.700  
  0.702  |  7.856  |  0.702  |  0.702  
  0.699  |  7.891  |  0.699  |  0.699  
  0.705  |  7.927  |  0.705  |  0.705  
  0.696  |  7.961  |  0.696  |  0.696  
  0.699  |  7.996  |  0.699  |  0.699  
  0.705  |  8.032  |  0.705  |  0.705  
  0.699  |  8.066  |  0.699  |  0.699  
  0.699  |  8.101  |  0.700  |  0.697  
  0.696  |  8.136  |  0.696  |  0.696  
  0.705  |  8.171  |  0.705  |  0.705  
  0.702  |  8.207  |  0.702  |  0.702  
  0.696  |  8.241  |  0.694  |  0.697  
  0.699  |  8.311  |  0.700  |  0.697  
  0.705  |  8.346  |  0.705  |  0.705  
  0.699  |  8.381  |  0.697  |  0.700  
  0.702  |  8.416  |  0.703  |  0.700  
  0.699  |  8.451  |  0.699  |  0.699  
  0.696  |  8.486  |  0.694  |  0.697  
  0.702  |  8.521  |  0.702  |  0.702  
  0.705  |  8.556  |  0.705  |  0.705  
  0.693  |  8.591  |  0.691  |  0.694  
  0.699  |  8.626  |  0.700  |  0.697  
  0.699  |  8.661  |  0.699  |  0.699  
  0.705  |  8.696  |  0.705  |  0.705  
  0.702  |  8.731  |  0.703  |  0.700  
  0.693  |  8.766  |  0.693  |  0.693  
  0.702  |  8.801  |  0.702  |  0.702  
  0.702  |  8.836  |  0.702  |  0.702  
  0.699  |  8.871  |  0.697  |  0.700  
  0.705  |  8.906  |  0.705  |  0.705  
  0.693  |  8.941  |  0.693  |  0.693  
  0.699  |  8.976  |  0.697  |  0.700  
  0.705  |  9.011  |  0.703  |  0.707  
  0.696  |  9.046  |  0.697  |  0.694  
  0.702  |  9.081  |  0.702  |  0.702  
  0.699  |  9.116  |  0.697  |  0.700  
  0.699  |  9.151  |  0.697  |  0.700  
  0.699  |  9.186  |  0.700  |  0.697  
  0.702  |  9.221  |  0.702  |  0.702  
  0.702  |  9.256  |  0.703  |  0.700  
  0.696  |  9.291  |  0.694  |  0.697  
  0.699  |  9.326  |  0.697  |  0.700  
  0.702  |  9.361  |  0.702  |  0.702  
  0.705  |  9.396  |  0.705  |  0.705  
  0.699  |  9.431  |  0.699  |  0.699  
  0.699  |  9.466  |  0.699  |  0.699  
  0.702  |  9.501  |  0.702  |  0.702  
  0.699  |  9.536  |  0.699  |  0.699  
  0.705  |  9.571  |  0.705  |  0.705  
  0.699  |  9.606  |  0.697  |  0.700  
  0.696  |  9.641  |  0.696  |  0.696  
  0.702  |  9.676  |  0.702  |  0.702  
  0.702  |  9.711  |  0.702  |  0.702  
  0.699  |  9.746  |  0.697  |  0.700  
  0.705  |  9.781  |  0.705  |  0.705  
  0.696  |  9.816  |  0.697  |  0.694  
  0.699  |  9.851  |  0.697  |  0.700  
  0.702  |  9.886  |  0.702  |  0.702  
  0.702  |  9.921  |  0.702  |  0.702  
  0.702  |  9.956  |  0.702  |  0.702  
  0.696  |  9.991  |  0.694  |  0.697  
  0.702  | 10.026  |  0.702  |  0.702  
  0.699  | 10.061  |  0.700  |  0.697  
  0.702  | 10.096  |  0.700  |  0.703  
  0.699  | 10.131  |  0.697  |  0.700  
  0.705  | 10.166  |  0.705  |  0.705  
  0.693  | 10.201  |  0.693  |  0.693  
  0.696  | 10.236  |  0.694  |  0.697  
  0.708  | 10.271  |  0.708  |  0.708  
  0.705  | 10.306  |  0.705  |  0.705  
  0.696  | 10.341  |  0.696  |  0.696  
  0.699  | 10.376  |  0.700  |  0.697  
  0.702  | 10.411  |  0.700  |  0.703  
  0.702  | 10.446  |  0.702  |  0.702  
  0.702  | 10.481  |  0.703  |  0.700  
  0.699  | 10.516  |  0.699  |  0.699  
  0.705  | 10.551  |  0.703  |  0.707  
  0.693  | 10.586  |  0.693  |  0.693  
  0.705  | 10.621  |  0.705  |  0.705  
  0.705  | 10.657  |  0.705  |  0.705  
  0.696  | 10.691  |  0.696  |  0.696  
  0.702  | 10.726  |  0.702  |  0.702  
  0.702  | 10.762  |  0.702  |  0.702  
  0.699  | 10.796  |  0.700  |  0.697  
  0.702  | 10.832  |  0.702  |  0.702  
  0.699  | 10.867  |  0.699  |  0.699  
  0.705  | 10.902  |  0.703  |  0.707  
  0.693  | 10.936  |  0.693  |  0.693  
  0.705  | 10.972  |  0.705  |  0.705  
  0.702  | 11.007  |  0.702  |  0.702  

received SIGINT Ctrl-C
